0 3
120
35 89
79 769
83 1081
132 162
141 168
145 170
152 614
160 916
228 241
268 831
282 433
283 432
286 443
288 442
295 1082
307 607
367 556
369 285
370 396
371 397
372 561
373 560
379 405
381 409
382 761
383 570
384 574
411 1082
420 596
423 596
424 595
425 596
427 596
428 596
430 596
432 596
433 596
493 693
504 702
506 541
509 726
510 729
511 730
512 544
513 549
514 550
516 713
517 546
519 555
521 724
523 986
524 571
525 572
528 567
530 562
533 745
534 738
535 737
536 565
538 932
546 854
564 596
565 595
568 751
576 1077
623 501
634 687
635 687
643 304
644 688
650 949
658 970
661 688
665 687
666 688
672 703
673 957
674 958
676 972
679 707
680 706
683 719
685 711
688 714
689 715
693 991
696 980
697 981
698 975
699 995
701 732
703 736
709 987
710 988
721 688
724 688
725 1031
739 1005
763 901
764 602
775 697
855 681
862 944
866 944
869 686
870 944
875 955
876 952
879 977
894 963
905 977
916 1003
919 896
925 1066
926 1077
933 1005
946 1025
975 976
979 1067
1030 1110
