2 5
109
39 24
44 22
47 25
50 27
67 53
70 36
90 20
195 859
231 209
242 239
245 319
274 889
285 901
307 944
326 309
329 314
330 312
333 311
338 318
339 317
340 871
341 325
343 184
344 323
348 326
357 214
359 217
365 332
382 202
385 351
419 537
424 780
453 944
482 456
488 922
489 78
492 605
498 629
499 465
501 839
508 632
510 858
514 635
515 636
518 644
519 472
520 471
522 473
524 655
528 202
536 320
539 628
544 216
561 351
593 551
650 613
655 454
661 617
662 449
663 818
666 615
670 627
671 624
678 625
684 840
685 841
689 640
690 633
691 634
692 849
693 850
696 642
697 914
700 862
701 863
702 645
704 657
705 637
707 651
708 650
709 477
723 656
729 958
733 649
763 948
765 543
771 780
801 947
853 811
864 924
866 846
867 847
876 832
882 837
883 838
884 840
885 841
900 857
903 866
906 482
907 860
908 858
909 859
950 688
962 925
998 967
1001 174
1010 666
1017 924
