2 3
185
3 5
14 12
18 27
33 43
47 127
49 88
50 89
52 61
53 62
64 164
86 69
119 102
124 162
126 115
133 169
134 170
137 82
139 176
154 97
156 147
157 148
158 149
163 202
178 218
190 168
200 308
201 134
207 145
211 189
229 1082
247 305
253 313
259 231
270 402
271 403
274 243
277 439
281 246
295 344
300 272
312 349
321 381
325 297
327 547
328 554
329 396
330 556
338 560
339 561
342 405
348 409
353 309
355 989
361 314
377 944
382 320
385 596
387 432
388 433
391 432
392 433
394 244
397 605
405 246
407 330
413 250
434 464
474 359
481 523
482 528
483 527
489 541
490 544
491 707
492 557
494 553
495 546
496 550
498 713
499 726
503 556
505 555
508 724
516 985
517 986
518 562
519 567
520 571
522 570
523 565
528 400
530 756
531 757
532 402
533 403
540 586
551 773
552 425
561 596
569 605
577 247
587 454
597 459
599 459
603 646
611 990
628 871
638 540
648 427
650 688
651 687
652 688
659 702
661 703
663 957
664 958
668 711
674 714
675 715
676 532
677 533
678 719
680 729
681 730
686 980
687 981
688 535
689 732
690 985
691 986
692 991
696 735
698 736
700 987
701 988
705 995
707 737
708 738
711 745
714 731
724 579
725 580
727 577
729 1056
738 609
739 600
742 793
745 1056
748 1066
751 802
752 606
755 608
762 273
773 626
820 654
838 675
845 681
848 686
853 944
862 955
863 970
869 945
871 963
874 696
875 977
886 975
887 977
891 932
892 710
895 992
903 740
908 1003
909 1004
911 302
952 773
961 592
966 784
971 499
978 805
987 809
989 1073
995 814
1003 825
1008 828
1017 1110
