3 4
154
48 25
61 22
62 36
65 55
71 41
88 266
89 267
96 54
114 62
135 99
145 59
147 75
148 105
156 82
158 88
161 63
168 127
169 92
189 104
226 182
229 121
250 189
251 190
266 449
297 231
298 954
305 172
308 177
309 178
313 186
314 188
320 131
321 200
328 204
329 140
365 160
370 310
381 155
391 953
392 248
393 167
400 251
401 345
402 175
403 176
409 355
410 475
413 119
427 654
430 202
439 271
440 376
448 277
455 309
476 223
485 151
495 224
505 1047
507 300
518 333
519 218
526 221
529 246
530 227
531 239
535 305
547 642
552 250
558 345
560 459
561 460
567 468
568 255
570 469
572 472
573 340
581 477
585 359
592 197
595 515
596 516
606 272
608 274
618 539
658 553
660 285
663 559
675 614
676 306
679 312
680 314
681 851
690 225
695 226
696 424
702 628
709 325
731 329
743 338
746 662
749 665
751 216
756 676
758 465
763 471
764 470
770 973
776 498
786 517
787 521
797 714
799 270
802 373
804 377
805 378
808 524
814 529
826 743
827 744
828 388
829 537
863 776
869 944
880 395
894 580
896 154
903 391
922 413
930 294
931 578
933 419
952 628
953 629
960 603
961 604
971 883
995 909
1012 674
1030 693
1037 501
1039 503
1040 692
1042 505
1043 696
1044 511
1057 992
1061 989
1063 989
1066 208
1077 209
1083 511
1092 539
1096 533
1097 534
