3 5
85
89 27
157 392
191 967
204 79
243 889
297 666
320 202
345 417
386 906
396 314
397 315
400 202
401 311
404 325
406 323
409 326
410 215
412 582
440 361
443 357
452 967
485 730
528 456
549 467
558 311
560 318
561 317
562 644
564 323
566 653
567 472
570 473
571 471
574 477
576 813
578 320
593 966
596 351
614 357
618 967
689 184
699 732
707 827
713 629
719 625
724 632
726 465
728 843
732 640
737 651
738 650
740 866
746 639
770 155
776 492
787 379
794 689
803 709
817 379
860 591
896 611
922 291
944 811
950 906
967 830
968 829
970 804
972 821
980 853
986 634
987 862
988 863
991 849
995 637
999 864
1000 865
1003 858
1008 239
1019 947
1021 454
1031 660
1045 965
1061 689
1063 689
1079 924
