0 5
214
3 3
8 4
9 7
14 21
29 22
30 23
34 25
35 27
37 28
38 29
44 20
47 24
53 36
60 37
64 42
68 20
72 53
78 155
81 40
83 41
90 65
91 66
96 71
97 70
105 85
106 43
110 938
111 89
115 101
117 99
118 107
120 111
122 108
123 112
126 154
127 155
128 119
129 120
136 160
147 75
151 234
152 357
157 134
172 100
175 107
176 145
179 147
182 149
186 154
187 155
207 170
208 171
224 188
229 401
237 295
242 152
251 309
252 646
253 647
259 319
261 215
262 214
265 219
266 217
268 216
270 328
289 237
292 244
300 254
301 255
335 297
347 304
365 311
367 312
370 314
371 315
372 317
373 318
375 323
377 324
378 325
380 320
381 326
382 313
383 473
384 477
386 478
388 327
417 345
420 351
423 351
425 351
428 351
430 351
432 351
433 351
440 366
441 251
442 370
445 713
448 260
451 537
453 380
456 728
469 777
494 459
503 615
508 464
509 465
513 467
516 629
521 632
522 633
524 471
526 635
527 636
528 472
530 644
534 650
535 651
537 655
538 147
542 483
552 679
564 351
571 702
578 711
579 527
582 174
587 947
591 723
592 542
593 543
599 567
644 585
652 671
655 671
658 804
659 453
660 454
670 806
672 617
673 818
676 821
677 822
679 827
680 828
681 832
682 624
683 625
687 838
693 849
694 850
699 637
701 640
703 641
704 857
707 645
709 862
710 863
714 656
720 885
721 661
732 898
738 686
747 699
748 700
750 363
753 923
755 920
756 366
766 710
768 528
769 712
773 717
775 720
776 535
778 726
780 924
799 400
823 581
832 782
845 809
854 610
862 811
866 811
875 183
876 826
884 833
885 834
891 845
901 848
908 933
910 611
916 858
917 859
919 611
925 240
929 924
947 383
952 677
964 959
969 908
974 920
978 706
979 698
986 925
1002 714
1003 930
1004 931
1005 932
1006 933
1023 961
1030 924
