8 9
103
1 6
28 18
39 25
92 29
153 92
161 138
175 309
179 1016
214 127
235 326
240 326
246 326
270 1012
294 285
295 286
296 131
300 191
304 193
309 295
310 301
315 195
347 350
366 449
419 272
423 282
425 288
426 290
427 292
428 293
429 294
432 422
433 424
434 425
435 418
436 419
437 402
438 302
445 432
446 433
458 225
465 564
466 309
485 1032
500 752
559 622
561 992
584 406
588 407
595 409
598 411
602 414
604 415
607 532
608 533
611 421
612 423
614 538
615 539
618 540
621 541
625 427
635 554
636 555
642 416
653 724
681 106
730 1015
737 105
854 665
860 674
862 677
864 524
867 528
870 525
871 526
872 679
874 685
875 531
881 691
884 693
885 694
886 536
887 641
888 849
889 850
897 544
902 708
903 709
909 858
910 905
911 906
915 517
916 1042
920 226
926 885
941 722
964 744
1000 729
1004 106
1006 300
1016 1042
1039 199
1042 300
