1 9
253
0 0
5 3
11 12
23 18
39 29
40 25
44 18
45 31
91 56
110 125
111 68
114 92
119 69
120 70
133 102
135 154
140 626
143 117
146 126
147 127
148 130
151 135
152 94
153 139
154 138
159 96
199 171
207 191
208 192
211 197
213 194
214 195
215 196
216 145
217 210
220 209
222 213
232 404
234 351
235 222
240 765
244 309
258 739
263 182
265 183
266 431
268 185
269 186
272 285
273 286
274 290
277 292
278 293
279 190
280 297
284 302
285 283
288 193
289 305
290 295
292 200
295 999
314 332
315 332
316 332
318 347
320 335
321 337
330 355
381 731
388 272
390 277
391 282
393 287
394 413
396 288
397 417
399 294
400 424
401 425
402 422
403 298
404 299
405 423
406 427
412 416
415 432
416 433
426 312
429 323
451 837
482 1031
513 840
514 398
515 399
516 400
517 404
518 511
521 396
525 514
526 518
527 406
528 515
529 516
530 410
531 409
532 523
533 411
534 414
535 415
536 524
537 521
538 522
539 530
540 531
541 532
542 533
544 418
545 419
546 420
547 421
548 422
550 542
551 544
555 712
557 547
559 546
560 548
561 549
562 554
563 555
573 550
574 440
581 454
591 952
594 759
597 453
599 585
600 762
601 225
602 226
609 469
632 603
659 496
660 628
663 840
664 640
665 642
666 503
667 652
668 653
669 636
674 665
676 669
678 672
680 519
681 673
683 674
688 526
689 849
690 527
691 528
692 677
693 678
694 686
695 683
696 684
697 536
702 691
704 693
705 694
706 538
707 539
708 541
709 540
712 858
714 705
715 552
716 553
717 708
718 709
719 890
720 891
722 722
733 563
738 354
739 572
742 724
751 858
753 959
757 959
759 959
771 784
772 1027
776 943
781 786
783 787
794 1036
818 625
825 513
842 848
843 647
844 648
845 645
846 650
849 650
850 839
854 668
855 457
859 868
860 869
862 671
864 870
865 871
867 680
868 681
872 685
873 689
877 875
880 876
882 880
883 881
884 706
885 707
888 703
891 714
892 892
893 867
894 894
896 899
897 901
900 978
901 979
905 300
909 907
910 908
925 929
929 931
931 731
942 728
950 948
951 754
954 960
957 977
960 622
973 1005
975 775
998 943
1005 1029
1027 791
1030 1015
1031 1031
1034 1031
