5 9
77
0 2
22 25
25 31
109 854
188 331
214 295
215 192
241 150
243 79
244 347
309 183
311 286
312 288
317 292
318 293
319 190
320 416
321 853
326 302
333 632
359 65
371 883
449 396
453 398
454 399
455 840
459 404
467 414
471 422
472 423
473 427
482 901
487 493
519 759
520 65
521 759
545 226
624 523
625 524
629 532
633 420
640 702
646 65
651 555
656 550
670 920
677 971
688 551
714 782
717 786
720 787
776 599
800 300
806 849
807 850
808 840
809 646
816 664
818 515
819 516
821 669
834 677
838 528
840 683
841 684
845 686
848 691
850 694
853 538
858 708
859 709
860 710
882 105
925 775
947 752
952 765
967 765
