1 8
114
4 4
5 6
6 4
9 5
13 9
23 28
28 390
74 86
106 82
114 153
123 165
146 213
147 214
153 218
154 161
159 171
168 141
191 375
198 291
200 6
207 300
211 219
214 315
229 179
231 811
240 78
244 466
272 294
273 295
284 438
288 304
290 309
291 311
292 661
301 812
312 236
331 263
359 384
382 1041
383 1041
390 586
391 423
400 433
402 432
405 612
406 625
408 633
415 445
416 446
418 1036
429 327
448 236
452 332
461 965
463 267
498 521
512 421
518 637
524 290
525 588
535 604
536 864
540 875
541 607
542 608
548 432
551 897
562 635
563 636
580 823
588 476
603 736
604 697
630 746
670 594
673 853
674 854
680 861
687 870
688 871
689 888
692 862
697 886
702 881
704 884
705 885
707 615
708 621
713 901
717 902
718 903
722 935
742 653
752 961
764 343
770 486
794 1018
813 846
841 421
872 874
899 863
901 474
908 863
913 935
942 934
960 559
963 961
980 705
986 990
987 474
1005 263
1020 361
1026 1037
1036 462
