7 8
246
0 0
2 2
4 4
5 7
9 9
20 39
21 40
23 42
24 30
34 92
40 63
43 49
44 54
53 90
58 88
61 60
65 45
69 52
70 110
72 73
77 59
81 82
82 87
83 86
88 97
89 100
91 103
95 101
110 473
112 123
115 126
118 153
119 154
126 163
128 164
129 165
138 107
145 109
146 141
151 120
153 78
154 145
155 1018
164 128
167 202
169 207
170 213
171 214
173 296
177 160
178 161
179 218
180 219
181 221
187 171
202 141
204 179
206 952
210 78
219 194
224 197
229 198
234 291
235 290
240 294
247 304
249 309
252 310
253 451
254 311
261 136
266 225
267 226
282 249
284 252
285 249
286 249
287 249
292 257
294 345
298 186
301 263
309 391
313 136
316 419
319 423
322 295
323 7
324 425
327 426
328 427
329 428
332 301
338 438
339 633
344 318
347 317
358 328
360 236
362 672
364 236
377 256
386 340
387 260
388 632
390 262
394 503
396 896
403 385
410 396
411 395
414 548
423 403
424 405
425 46
430 587
432 421
435 584
436 437
437 211
438 424
439 598
440 600
442 424
443 603
444 604
445 640
448 435
449 436
450 432
452 611
453 612
454 433
456 625
459 629
465 440
466 905
468 635
469 636
475 445
476 446
482 460
505 478
507 334
509 339
512 697
514 486
516 260
522 1021
529 363
535 527
537 746
544 787
545 578
546 579
553 303
556 592
557 553
559 620
561 412
562 619
564 623
567 639
578 577
579 637
580 605
582 583
584 589
587 860
590 601
591 864
594 870
595 871
597 875
598 607
599 608
600 884
601 885
604 615
605 618
607 621
610 897
611 898
616 905
618 906
631 637
636 653
652 961
664 343
670 343
672 698
675 703
676 704
677 707
682 490
685 713
702 730
709 836
711 520
716 777
721 845
725 796
726 849
730 606
733 804
737 816
738 817
740 818
752 912
753 913
762 922
763 923
765 928
772 656
781 853
782 854
783 663
786 859
787 860
788 861
790 862
791 874
792 876
795 886
797 881
808 915
812 902
813 903
817 863
820 798
825 935
828 925
833 136
834 637
840 931
846 961
860 964
862 681
876 705
881 175
893 145
899 1019
903 1018
904 1019
909 1037
919 887
