2 9
208
3 3
8 369
34 81
39 29
43 19
46 187
47 31
53 38
121 175
122 68
123 92
124 130
125 96
127 69
128 70
135 146
176 117
178 131
179 126
180 127
183 135
185 145
187 94
189 139
201 155
211 229
215 748
237 114
245 190
246 193
247 324
252 212
256 196
257 213
259 322
272 225
273 226
274 354
277 336
279 156
280 348
318 171
321 300
322 272
326 183
328 285
329 290
330 288
333 286
337 663
338 293
339 292
341 298
342 299
345 297
346 319
347 320
348 302
349 305
352 211
354 3
355 283
357 295
362 995
387 326
389 225
390 226
391 326
394 352
397 337
398 455
419 355
426 477
443 240
489 287
490 413
491 410
492 277
493 282
495 417
496 415
498 532
499 411
503 288
505 294
507 418
508 419
513 440
514 424
515 425
516 420
517 421
518 428
519 423
520 422
522 427
525 432
526 433
528 573
532 452
534 306
536 416
537 995
569 759
577 785
585 765
587 787
650 512
652 511
654 398
655 399
659 518
660 657
661 514
662 396
663 515
664 516
665 406
667 525
668 526
671 523
672 669
674 530
675 531
678 524
680 521
681 522
684 683
685 684
686 538
687 539
689 542
690 420
691 421
693 694
698 544
700 552
701 553
703 712
704 717
706 446
707 555
708 554
711 547
712 572
723 550
724 738
742 759
744 759
748 575
760 788
762 592
765 898
781 478
837 225
845 840
849 653
852 640
853 650
859 911
862 665
863 636
866 680
867 681
870 671
871 533
872 674
873 676
875 673
876 519
877 672
878 536
881 678
882 527
883 528
884 683
885 684
886 541
888 695
893 929
897 706
898 707
899 705
903 899
905 324
906 901
907 710
908 708
909 709
916 517
918 638
920 731
935 231
937 960
944 969
950 551
959 1005
962 775
966 356
970 962
976 771
980 1024
985 985
986 785
987 943
1003 774
1008 789
1010 473
