7 9
182
2 2
20 25
23 31
34 29
86 69
87 70
111 133
115 854
117 68
118 92
125 94
152 729
169 117
170 126
171 127
172 130
173 131
175 135
177 137
178 138
179 139
183 194
190 145
204 1016
208 729
230 739
231 114
235 171
238 183
240 285
241 190
245 192
246 283
247 193
249 295
252 301
269 326
270 327
274 326
277 332
278 326
284 928
287 337
288 347
294 883
298 351
300 355
316 272
318 182
319 282
320 185
321 186
322 286
324 288
327 290
328 292
329 293
330 294
334 297
335 298
336 299
338 302
343 969
380 584
386 358
417 747
429 396
435 406
436 402
437 906
438 287
439 411
440 521
441 522
442 413
444 415
446 417
447 294
448 418
449 419
450 422
451 420
452 421
453 423
454 424
455 425
456 427
459 545
460 546
461 547
464 428
465 429
467 549
468 554
469 555
472 555
475 432
476 433
575 502
577 403
578 404
579 511
584 515
585 516
586 518
587 538
588 519
589 523
591 524
592 527
593 528
594 525
595 526
596 530
597 531
598 532
599 533
600 693
601 694
603 538
604 539
605 540
607 541
608 542
610 544
615 712
616 548
618 549
619 552
620 553
630 550
636 724
644 446
647 454
651 858
654 738
680 784
701 1015
761 1031
764 628
767 640
770 642
771 636
774 512
776 652
777 653
780 664
782 665
784 672
786 673
787 674
788 676
790 677
791 685
792 686
793 689
795 536
797 691
799 695
802 880
803 881
809 705
810 706
811 707
812 708
813 709
814 710
815 714
818 894
827 885
828 886
851 731
854 572
860 951
861 738
862 106
883 782
888 1027
909 232
916 226
917 1031
922 1031
