0 9
220
5 9
6 6
7 12
9 13
29 25
32 19
33 18
34 31
47 29
56 635
76 37
91 68
92 92
122 117
125 125
126 126
127 127
132 130
136 94
142 139
166 793
181 114
182 171
183 117
186 126
187 127
190 135
195 194
196 196
210 1016
222 793
251 183
252 65
254 185
259 190
261 192
262 295
263 193
265 197
273 481
275 210
278 209
282 327
287 337
288 336
292 347
295 309
296 358
297 584
300 351
348 272
355 405
360 282
363 284
364 285
365 286
367 288
370 290
372 292
373 293
374 425
376 297
378 298
379 299
380 416
381 302
383 427
387 305
402 331
409 323
410 324
440 762
447 469
451 355
460 477
493 400
494 404
495 405
500 896
501 897
502 406
504 518
509 411
510 521
511 522
513 414
514 415
516 532
519 294
520 418
521 419
522 420
523 421
524 422
526 424
527 425
528 423
530 428
531 545
532 546
533 547
534 554
535 555
539 432
540 433
543 225
549 446
550 564
556 323
557 324
561 853
577 344
595 1031
636 141
647 621
650 496
651 920
652 921
654 920
655 921
657 503
658 636
659 398
660 399
666 511
668 722
669 641
670 849
672 514
673 515
674 516
676 669
678 672
679 410
680 409
681 519
682 523
683 524
684 525
685 526
686 527
687 528
688 530
689 531
693 693
694 694
696 538
697 539
698 541
701 542
702 1032
703 544
706 705
708 712
709 552
710 553
714 550
720 722
731 300
733 572
735 454
752 369
762 585
772 773
773 786
775 787
844 628
853 839
855 840
857 640
858 642
859 644
860 645
862 650
866 654
867 652
868 653
875 665
876 668
877 671
879 673
880 674
881 675
882 676
885 677
887 678
889 685
890 858
891 686
894 533
897 875
899 536
901 691
902 695
904 867
905 540
907 880
908 881
909 882
911 703
912 706
913 707
915 710
916 708
917 709
921 894
924 899
933 716
937 952
940 722
947 318
954 917
968 956
969 766
986 775
1002 782
1007 784
1017 1037
1028 1031
1030 1041
