3 9
85
62 38
115 348
134 155
191 765
237 212
243 354
244 352
247 785
278 802
311 191
350 431
365 226
366 637
396 290
400 573
401 286
409 302
433 327
440 337
452 765
493 226
514 855
532 535
544 413
546 417
549 414
550 415
556 288
558 286
560 293
562 428
567 423
571 422
579 738
602 721
618 765
621 1031
649 267
681 840
693 400
707 410
713 532
714 530
715 531
719 524
726 411
729 521
730 522
736 544
737 555
738 554
742 762
745 547
786 779
790 838
793 759
795 347
796 348
797 761
801 759
817 779
828 789
839 603
845 601
906 183
932 719
938 722
944 654
949 496
950 976
952 668
955 665
958 516
972 669
975 541
987 552
988 553
994 290
997 901
1019 752
1061 959
1063 959
1064 959
1066 575
1109 1031
