1 5
145
4 1
6 1
12 4
21 7
31 29
39 24
40 22
45 25
47 27
48 30
55 20
60 36
81 20
91 53
93 80
100 90
111 66
112 119
113 120
147 155
169 955
208 215
211 219
240 967
243 967
265 309
273 311
274 314
277 317
278 318
279 319
284 326
290 214
293 839
296 216
298 328
318 244
320 357
330 537
375 759
376 608
386 924
390 605
393 78
396 312
400 635
402 471
405 472
406 473
408 477
409 666
411 655
412 320
425 483
427 339
443 351
447 351
448 351
450 351
463 947
513 455
515 454
521 449
525 617
528 818
531 828
532 624
533 465
534 467
536 625
541 629
543 624
545 632
546 633
548 471
550 640
551 641
552 205
554 645
562 650
563 651
571 883
572 884
573 656
575 339
588 699
600 366
604 527
614 543
615 542
616 727
629 793
642 696
643 697
651 429
669 804
671 78
680 832
682 910
689 806
691 838
692 834
694 845
695 840
696 841
702 848
704 849
705 850
713 642
715 862
716 863
717 858
718 859
720 865
725 966
742 661
751 914
753 689
754 237
757 689
758 689
759 689
765 710
766 528
778 333
779 947
781 717
783 720
802 780
803 779
807 774
866 364
874 967
881 852
888 131
897 482
899 966
926 649
975 925
978 698
989 714
998 74
1008 174
1024 724
1033 924
