1 2
303
0 1
2 0
5 3
16 31
18 34
20 19
21 38
24 46
31 53
32 31
33 640
34 16
35 32
39 39
40 44
45 47
46 48
47 50
51 17
52 18
55 90
60 70
71 56
72 106
73 107
75 120
76 121
78 175
81 90
91 67
97 102
102 105
103 56
107 84
111 122
114 123
119 127
120 128
122 133
123 134
132 206
133 150
136 108
140 166
141 171
142 172
143 176
146 179
147 180
148 124
150 182
151 183
152 187
153 189
154 190
160 126
164 135
170 856
177 156
178 158
180 163
181 164
183 168
185 222
187 226
191 228
192 173
196 234
198 236
199 318
202 6
208 47
210 177
212 186
214 255
215 256
216 185
221 258
222 257
226 199
231 203
232 204
237 418
241 211
243 998
249 215
252 220
264 327
265 326
270 232
272 328
273 333
274 329
275 970
277 339
278 338
279 245
280 345
284 348
285 355
288 246
289 349
290 357
291 360
293 501
296 544
297 365
303 547
306 361
308 358
309 259
313 386
314 388
318 379
319 555
321 397
322 277
328 410
330 419
331 286
332 208
338 422
350 442
359 465
360 466
381 920
388 322
390 492
391 493
392 494
393 489
394 490
395 694
396 503
397 495
398 970
399 505
400 514
401 515
402 520
403 341
404 342
405 519
406 522
409 1010
410 523
411 524
412 536
415 525
416 526
426 340
430 548
431 549
434 548
438 1008
444 559
447 385
450 385
457 277
461 200
468 998
472 415
473 416
474 581
477 584
479 766
482 1016
483 1010
493 816
494 817
497 823
507 473
508 827
509 473
510 634
511 920
513 845
514 654
515 655
518 652
521 662
525 661
526 659
527 665
528 663
529 664
530 491
532 671
533 499
535 496
536 678
537 680
538 681
539 674
540 675
541 498
542 871
544 507
545 508
546 516
548 520
550 689
551 698
554 702
555 703
557 709
558 710
562 708
563 707
569 192
573 723
574 513
596 270
597 271
606 984
608 407
614 765
615 766
628 596
654 834
663 845
664 852
668 849
669 863
670 880
674 862
676 672
678 877
680 876
681 875
682 308
683 872
684 873
685 479
686 477
687 667
688 668
690 882
691 883
693 881
696 685
697 878
699 648
700 1001
704 692
705 693
706 686
707 687
708 886
709 887
712 912
713 696
714 899
715 700
716 701
717 908
718 909
728 929
739 712
741 528
743 532
744 533
746 934
747 724
753 970
759 970
761 964
767 1010
772 751
773 755
783 758
792 583
793 764
806 795
833 806
846 853
847 854
849 853
862 870
868 867
876 888
877 889
884 897
885 898
896 903
897 906
900 748
901 749
903 733
905 321
915 913
925 893
931 920
954 937
966 1016
973 959
975 962
987 749
988 602
1013 159
1035 732
1037 1010
1038 1017
