0 2
210
1 0
6 2
13 19
18 656
22 31
23 640
29 44
32 43
34 47
35 50
38 53
40 34
44 90
47 39
52 3
53 70
72 67
91 122
92 123
97 128
104 105
122 176
126 179
127 180
132 124
139 934
141 190
142 189
145 134
181 237
182 318
183 176
186 179
187 180
190 183
191 182
196 256
228 844
237 164
243 235
244 236
251 326
259 245
261 47
262 357
263 246
266 359
267 360
268 544
287 397
288 277
303 418
307 286
338 473
348 322
357 308
360 493
362 134
364 328
365 333
367 330
369 232
370 329
372 339
373 338
374 515
375 344
376 345
378 341
379 342
380 536
381 348
383 522
387 349
398 279
399 548
400 549
404 340
410 247
428 385
432 385
437 397
445 415
451 419
455 766
498 694
500 748
501 749
502 665
503 666
504 659
506 489
509 499
510 680
511 681
512 490
514 496
516 498
517 495
519 505
520 507
521 508
522 516
524 520
526 514
527 515
528 519
530 518
532 710
533 711
534 708
535 707
536 523
537 524
539 525
540 526
542 540
557 247
575 748
577 501
583 415
592 766
593 765
613 432
617 641
628 118
635 651
658 863
659 654
660 655
661 880
665 651
666 652
670 652
672 661
673 663
674 664
676 672
677 673
678 877
679 491
681 876
682 671
683 678
684 667
685 668
686 882
687 883
688 674
689 675
693 692
694 693
696 686
697 687
698 886
699 705
701 689
703 698
704 900
706 899
707 702
708 703
709 700
710 701
714 723
716 657
725 949
733 712
735 717
738 934
757 200
763 1010
766 896
843 602
855 845
856 851
857 852
861 854
862 853
865 650
866 853
868 849
869 848
875 862
877 870
879 875
880 872
882 873
887 881
894 871
897 889
898 888
899 878
902 888
903 889
905 887
912 897
913 898
915 907
916 908
917 909
924 903
925 748
956 528
980 748
981 749
986 962
1021 764
1026 1015
1030 1017
