11
74
0 1
1.084933e+00 2.208427e-01 -2.484028e+01 -1.190903e-01 1.070390e+00 -4.039501e+00 -4.968902e-04 -1.717791e-04 1.000000e+00
0.000000e+00 0.000000e+00 0.000000e+00 0.000000e+00 0.000000e+00 0.000000e+00 0.000000e+00 0.000000e+00 0.000000e+00
7.3520249221183798e-01
236
0
0 2
8.720371e-01 2.489352e-01 -4.120431e+01 -2.038654e-01 9.453435e-01 1.592982e+00 -1.690643e-03 -5.686422e-04 1.000000e+00
0.000000e+00 0.000000e+00 0.000000e+00 0.000000e+00 0.000000e+00 0.000000e+00 0.000000e+00 0.000000e+00 0.000000e+00
8.0239520958083832e-01
134
0
0 3
9.381361e-01 3.671913e-01 -6.010049e+01 -3.721966e-01 9.672858e-01 3.214696e+01 -3.732131e-03 -2.000679e-03 1.000000e+00
0.000000e+00 0.000000e+00 0.000000e+00 0.000000e+00 0.000000e+00 0.000000e+00 0.000000e+00 0.000000e+00 0.000000e+00
8.3333333333333337e-01
60
0
0 5
9.440317e-01 -2.690426e-01 8.134570e+01 1.158083e-01 1.093986e+00 1.688540e+01 5.321082e-04 1.797555e-05 1.000000e+00
0.000000e+00 0.000000e+00 0.000000e+00 0.000000e+00 0.000000e+00 0.000000e+00 0.000000e+00 0.000000e+00 0.000000e+00
7.3619631901840488e-01
120
0
0 7
1.036800e+00 1.568148e-01 -2.202282e+01 -3.359421e-02 1.058394e+00 -5.904691e+01 -4.034874e-04 -1.087103e-03 1.000000e+00
0.000000e+00 0.000000e+00 0.000000e+00 0.000000e+00 0.000000e+00 0.000000e+00 0.000000e+00 0.000000e+00 0.000000e+00
7.0614035087719296e-01
161
0
0 8
1.001165e+00 1.175681e-01 1.337168e+00 2.033257e-01 8.115625e-01 -8.816093e+01 -9.064281e-04 -1.019320e-03 1.000000e+00
0.000000e+00 0.000000e+00 0.000000e+00 0.000000e+00 0.000000e+00 0.000000e+00 0.000000e+00 0.000000e+00 0.000000e+00
6.4285714285714290e-01
36
0
0 9
1.125671e+00 -1.594937e-02 -5.878319e+01 1.452987e-01 1.039986e+00 2.909811e+01 -1.075604e-03 8.608790e-04 1.000000e+00
0.000000e+00 0.000000e+00 0.000000e+00 0.000000e+00 0.000000e+00 0.000000e+00 0.000000e+00 0.000000e+00 0.000000e+00
7.5706214689265539e-01
134
0
0 10
1.138191e+00 4.628859e-02 4.649189e+01 5.455906e-03 1.087758e+00 9.165310e+01 -6.164043e-04 9.059436e-04 1.000000e+00
0.000000e+00 0.000000e+00 0.000000e+00 0.000000e+00 0.000000e+00 0.000000e+00 0.000000e+00 0.000000e+00 0.000000e+00
7.1969696969696972e-01
95
0
1 0
9.114876e-01 -1.845440e-01 2.189614e+01 1.031871e-01 9.139530e-01 6.255110e+00 4.706346e-04 6.529998e-05 1.011954e+00
0.000000e+00 0.000000e+00 0.000000e+00 0.000000e+00 0.000000e+00 0.000000e+00 0.000000e+00 0.000000e+00 0.000000e+00
0.0000000000000000e+00
0
0
1 2
7.989278e-01 2.150206e-01 -1.236670e+01 -1.420346e-01 8.315793e-01 -2.833394e+00 -7.821187e-04 2.800952e-05 1.000000e+00
0.000000e+00 0.000000e+00 0.000000e+00 0.000000e+00 0.000000e+00 0.000000e+00 0.000000e+00 0.000000e+00 0.000000e+00
7.1138211382113825e-01
175
0
1 3
7.946992e-01 2.093324e-01 -3.682786e+01 -2.676060e-01 9.415522e-01 2.854762e+01 -1.713486e-03 -3.404655e-04 1.000000e+00
0.000000e+00 0.000000e+00 0.000000e+00 0.000000e+00 0.000000e+00 0.000000e+00 0.000000e+00 0.000000e+00 0.000000e+00
7.5000000000000000e-01
60
0
1 5
8.129168e-01 -3.929553e-01 1.021047e+02 2.354147e-01 9.281201e-01 2.466079e+01 1.092845e-03 -3.101022e-04 1.000000e+00
0.000000e+00 0.000000e+00 0.000000e+00 0.000000e+00 0.000000e+00 0.000000e+00 0.000000e+00 0.000000e+00 0.000000e+00
6.3636363636363635e-01
63
0
1 7
9.183191e-01 -7.127653e-02 6.115475e-01 6.066036e-02 9.736427e-01 -5.116066e+01 2.429447e-04 -4.423442e-04 1.000000e+00
0.000000e+00 0.000000e+00 0.000000e+00 0.000000e+00 0.000000e+00 0.000000e+00 0.000000e+00 0.000000e+00 0.000000e+00
7.2302158273381290e-01
201
0
1 8
9.760031e-01 -5.066464e-02 2.974256e+01 3.806931e-02 1.051820e+00 -7.661421e+01 1.101339e-03 -2.915864e-03 1.000000e+00
0.000000e+00 0.000000e+00 0.000000e+00 0.000000e+00 0.000000e+00 0.000000e+00 0.000000e+00 0.000000e+00 0.000000e+00
5.8441558441558439e-01
45
0
1 9
1.032599e+00 -1.241217e-01 -2.882447e+01 2.415958e-01 1.023967e+00 4.380213e+01 -3.008428e-04 7.704889e-04 1.000000e+00
0.000000e+00 0.000000e+00 0.000000e+00 0.000000e+00 0.000000e+00 0.000000e+00 0.000000e+00 0.000000e+00 0.000000e+00
7.0142180094786732e-01
148
0
1 10
1.081656e+00 -5.464299e-02 7.952029e+01 1.665412e-01 9.964943e-01 9.934114e+01 2.411480e-04 8.277690e-04 1.000000e+00
0.000000e+00 0.000000e+00 0.000000e+00 0.000000e+00 0.000000e+00 0.000000e+00 0.000000e+00 0.000000e+00 0.000000e+00
7.6027397260273977e-01
111
0
2 0
1.176031e+00 -2.802651e-01 4.890401e+01 2.500238e-01 9.972197e-01 8.713504e+00 2.130423e-03 9.323295e-05 1.087634e+00
0.000000e+00 0.000000e+00 0.000000e+00 0.000000e+00 0.000000e+00 0.000000e+00 0.000000e+00 0.000000e+00 0.000000e+00
0.0000000000000000e+00
0
0
2 1
1.209759e+00 -3.132802e-01 1.407308e+01 2.098319e-01 1.148078e+00 5.847885e+00 9.402978e-04 -2.771794e-04 1.010843e+00
0.000000e+00 0.000000e+00 0.000000e+00 0.000000e+00 0.000000e+00 0.000000e+00 0.000000e+00 0.000000e+00 0.000000e+00
0.0000000000000000e+00
0
0
2 3
9.982005e-01 1.378416e-01 -1.664164e+01 -1.226307e-01 1.100200e+00 2.644784e+01 -6.010027e-04 -1.380116e-04 1.000000e+00
0.000000e+00 0.000000e+00 0.000000e+00 0.000000e+00 0.000000e+00 0.000000e+00 0.000000e+00 0.000000e+00 0.000000e+00
7.1739130434782605e-01
99
0
2 4
0.000000e+00 0.000000e+00 0.000000e+00 0.000000e+00 0.000000e+00 0.000000e+00 0.000000e+00 0.000000e+00 0.000000e+00
0.000000e+00 0.000000e+00 0.000000e+00 0.000000e+00 0.000000e+00 0.000000e+00 0.000000e+00 0.000000e+00 0.000000e+00
0.0000000000000000e+00
0
0
2 5
8.789290e-01 -2.356357e-01 1.248110e+02 4.105410e-01 1.035736e+00 3.314552e+01 1.478077e-03 8.889772e-05 1.000000e+00
0.000000e+00 0.000000e+00 0.000000e+00 0.000000e+00 0.000000e+00 0.000000e+00 0.000000e+00 0.000000e+00 0.000000e+00
7.7027027027027029e-01
57
0
2 7
1.095894e+00 -1.855537e-01 2.236899e+01 5.981776e-02 9.077104e-01 -5.665138e+01 1.580584e-03 -5.715580e-04 1.000000e+00
0.000000e+00 0.000000e+00 0.000000e+00 0.000000e+00 0.000000e+00 0.000000e+00 0.000000e+00 0.000000e+00 0.000000e+00
7.6923076923076927e-01
110
0
2 8
1.223037e+00 -2.391101e-01 5.151625e+01 -1.874466e-02 1.413707e+00 -7.278474e+01 1.668479e-03 -4.785991e-03 1.000000e+00
0.000000e+00 0.000000e+00 0.000000e+00 0.000000e+00 0.000000e+00 0.000000e+00 0.000000e+00 0.000000e+00 0.000000e+00
6.8181818181818177e-01
30
0
2 9
1.223602e+00 -3.229310e-01 -6.563249e+00 3.035295e-01 1.025284e+00 4.289340e+01 7.551325e-04 9.885641e-04 1.000000e+00
0.000000e+00 0.000000e+00 0.000000e+00 0.000000e+00 0.000000e+00 0.000000e+00 0.000000e+00 0.000000e+00 0.000000e+00
6.4024390243902440e-01
105
0
2 10
1.338391e+00 -2.716971e-01 9.880928e+01 4.427746e-01 9.773758e-01 1.004485e+02 1.746533e-03 9.277512e-04 1.000000e+00
0.000000e+00 0.000000e+00 0.000000e+00 0.000000e+00 0.000000e+00 0.000000e+00 0.000000e+00 0.000000e+00 0.000000e+00
7.7884615384615385e-01
81
0
3 0
1.291638e+00 -3.091982e-01 8.756785e+01 3.157971e-01 8.937696e-01 -9.752415e+00 5.452370e-03 6.341779e-04 1.307303e+00
0.000000e+00 0.000000e+00 0.000000e+00 0.000000e+00 0.000000e+00 0.000000e+00 0.000000e+00 0.000000e+00 0.000000e+00
0.0000000000000000e+00
0
0
3 1
1.287272e+00 -2.663037e-01 5.500982e+01 2.959340e-01 9.900033e-01 -1.736362e+01 2.306478e-03 -1.192457e-04 1.088347e+00
0.000000e+00 0.000000e+00 0.000000e+00 0.000000e+00 0.000000e+00 0.000000e+00 0.000000e+00 0.000000e+00 0.000000e+00
0.0000000000000000e+00
0
0
3 2
9.986966e-01 -1.226328e-01 1.986332e+01 9.656779e-02 8.940626e-01 -2.203898e+01 6.135468e-04 4.968837e-05 1.008896e+00
0.000000e+00 0.000000e+00 0.000000e+00 0.000000e+00 0.000000e+00 0.000000e+00 0.000000e+00 0.000000e+00 0.000000e+00
0.0000000000000000e+00
0
0
3 4
1.063232e+00 2.165252e-01 3.782014e+00 -1.872396e-01 1.292897e+00 -2.377614e+01 -6.454032e-04 5.108137e-05 1.000000e+00
0.000000e+00 0.000000e+00 0.000000e+00 0.000000e+00 0.000000e+00 0.000000e+00 0.000000e+00 0.000000e+00 0.000000e+00
5.8399999999999996e-01
73
0
3 5
1.036908e+00 -3.494949e-01 1.459080e+02 5.426844e-01 8.060978e-01 2.054140e+01 2.875452e-03 -3.274144e-04 1.000000e+00
0.000000e+00 0.000000e+00 0.000000e+00 0.000000e+00 0.000000e+00 0.000000e+00 0.000000e+00 0.000000e+00 0.000000e+00
8.1999999999999995e-01
41
0
3 7
1.144662e+00 -2.775158e-01 5.218395e+01 3.665762e-01 8.594267e-01 -6.190958e+01 1.120666e-03 -8.503202e-04 1.000000e+00
0.000000e+00 0.000000e+00 0.000000e+00 0.000000e+00 0.000000e+00 0.000000e+00 0.000000e+00 0.000000e+00 0.000000e+00
7.8048780487804881e-01
32
0
3 9
1.283676e+00 -3.887952e-01 3.151592e+01 5.398639e-01 9.101623e-01 3.366192e+01 1.597435e-03 5.305889e-04 1.000000e+00
0.000000e+00 0.000000e+00 0.000000e+00 0.000000e+00 0.000000e+00 0.000000e+00 0.000000e+00 0.000000e+00 0.000000e+00
8.1395348837209303e-01
35
0
3 10
1.455597e+00 -3.527968e-01 1.372539e+02 5.165645e-01 9.215471e-01 8.556697e+01 2.328456e-03 3.612880e-04 1.000000e+00
0.000000e+00 0.000000e+00 0.000000e+00 0.000000e+00 0.000000e+00 0.000000e+00 0.000000e+00 0.000000e+00 0.000000e+00
8.5714285714285710e-01
36
0
4 2
0.000000e+00 0.000000e+00 0.000000e+00 0.000000e+00 0.000000e+00 0.000000e+00 0.000000e+00 0.000000e+00 0.000000e+00
0.000000e+00 0.000000e+00 0.000000e+00 0.000000e+00 0.000000e+00 0.000000e+00 0.000000e+00 0.000000e+00 0.000000e+00
0.0000000000000000e+00
0
0
4 3
9.094725e-01 -1.520333e-01 -7.054401e+00 1.423720e-01 7.489309e-01 1.726823e+01 5.797039e-04 -1.363792e-04 9.945650e-01
0.000000e+00 0.000000e+00 0.000000e+00 0.000000e+00 0.000000e+00 0.000000e+00 0.000000e+00 0.000000e+00 0.000000e+00
0.0000000000000000e+00
0
0
5 0
1.078553e+00 2.667628e-01 -9.224005e+01 -1.053457e-01 8.882867e-01 -6.429654e+00 -5.720133e-04 -1.579142e-04 1.049197e+00
0.000000e+00 0.000000e+00 0.000000e+00 0.000000e+00 0.000000e+00 0.000000e+00 0.000000e+00 0.000000e+00 0.000000e+00
0.0000000000000000e+00
0
0
5 1
1.279069e+00 4.938384e-01 -1.427774e+02 -2.849428e-01 9.586274e-01 5.453493e+00 -1.486186e-03 -2.424166e-04 1.157725e+00
0.000000e+00 0.000000e+00 0.000000e+00 0.000000e+00 0.000000e+00 0.000000e+00 0.000000e+00 0.000000e+00 0.000000e+00
0.0000000000000000e+00
0
0
5 2
1.280701e+00 3.059569e-01 -1.699868e+02 -4.483363e-01 8.611454e-01 2.741421e+01 -1.853119e-03 -5.287818e-04 1.248817e+00
0.000000e+00 0.000000e+00 0.000000e+00 0.000000e+00 0.000000e+00 0.000000e+00 0.000000e+00 0.000000e+00 0.000000e+00
0.0000000000000000e+00
0
0
5 3
1.254898e+00 4.658221e-01 -1.926684e+02 -7.466470e-01 9.531219e-01 8.936335e+01 -3.852863e-03 -1.027383e-03 1.583268e+00
0.000000e+00 0.000000e+00 0.000000e+00 0.000000e+00 0.000000e+00 0.000000e+00 0.000000e+00 0.000000e+00 0.000000e+00
0.0000000000000000e+00
0
0
5 6
6.121879e-01 -2.901626e-01 2.748846e+01 2.349092e-01 8.967528e-01 -9.210921e+00 8.068268e-05 1.533576e-05 1.000000e+00
0.000000e+00 0.000000e+00 0.000000e+00 0.000000e+00 0.000000e+00 0.000000e+00 0.000000e+00 0.000000e+00 0.000000e+00
6.6666666666666663e-01
20
0
5 7
1.005067e+00 3.555423e-01 -1.092748e+02 -1.062659e-01 9.007146e-01 -5.931134e+01 -6.683458e-04 -5.987317e-04 1.000000e+00
0.000000e+00 0.000000e+00 0.000000e+00 0.000000e+00 0.000000e+00 0.000000e+00 0.000000e+00 0.000000e+00 0.000000e+00
6.2068965517241381e-01
54
0
5 9
1.072492e+00 7.752295e-02 -1.493538e+02 6.188142e-02 8.340996e-01 8.287173e+00 -1.871537e-03 4.993285e-04 1.000000e+00
0.000000e+00 0.000000e+00 0.000000e+00 0.000000e+00 0.000000e+00 0.000000e+00 0.000000e+00 0.000000e+00 0.000000e+00
7.1153846153846156e-01
37
0
5 10
1.298193e+00 2.191906e-01 -7.905541e+01 -4.616427e-01 6.897199e-01 1.063639e+02 -1.745038e-03 2.021805e-04 1.000000e+00
0.000000e+00 0.000000e+00 0.000000e+00 0.000000e+00 0.000000e+00 0.000000e+00 0.000000e+00 0.000000e+00 0.000000e+00
6.1904761904761907e-01
26
0
6 5
1.457049e+00 4.720683e-01 -3.570384e+01 -3.828288e-01 9.909263e-01 1.965072e+01 -1.116876e-04 -5.328435e-05 1.002579e+00
0.000000e+00 0.000000e+00 0.000000e+00 0.000000e+00 0.000000e+00 0.000000e+00 0.000000e+00 0.000000e+00 0.000000e+00
0.0000000000000000e+00
0
0
7 0
9.656346e-01 -1.290555e-01 1.364567e+01 5.576893e-02 9.983766e-01 6.017925e+01 4.502480e-04 1.033266e-03 1.070927e+00
0.000000e+00 0.000000e+00 0.000000e+00 0.000000e+00 0.000000e+00 0.000000e+00 0.000000e+00 0.000000e+00 0.000000e+00
0.0000000000000000e+00
0
0
7 1
1.082687e+00 8.083737e-02 3.473578e+00 -8.320941e-02 1.045299e+00 5.352906e+01 -2.998403e-04 4.427428e-04 1.022834e+00
0.000000e+00 0.000000e+00 0.000000e+00 0.000000e+00 0.000000e+00 0.000000e+00 0.000000e+00 0.000000e+00 0.000000e+00
0.0000000000000000e+00
0
0
7 2
9.174159e-01 1.810750e-01 -1.026352e+01 -1.565411e-01 1.111528e+00 6.647125e+01 -1.539525e-03 3.490983e-04 1.054215e+00
0.000000e+00 0.000000e+00 0.000000e+00 0.000000e+00 0.000000e+00 0.000000e+00 0.000000e+00 0.000000e+00 0.000000e+00
0.0000000000000000e+00
0
0
7 3
8.249716e-01 2.383987e-01 -2.829111e+01 -4.457843e-01 1.110668e+00 9.202376e+01 -1.303577e-03 6.772578e-04 1.109955e+00
0.000000e+00 0.000000e+00 0.000000e+00 0.000000e+00 0.000000e+00 0.000000e+00 0.000000e+00 0.000000e+00 0.000000e+00
0.0000000000000000e+00
0
0
7 5
1.019411e+00 -3.418244e-01 9.112183e+01 1.719117e-01 1.098153e+00 8.391856e+01 7.842481e-04 4.290424e-04 1.111146e+00
0.000000e+00 0.000000e+00 0.000000e+00 0.000000e+00 0.000000e+00 0.000000e+00 0.000000e+00 0.000000e+00 0.000000e+00
0.0000000000000000e+00
0
0
7 8
1.051826e+00 7.026469e-02 3.260365e+01 -2.369378e-02 9.702440e-01 -2.482059e+01 -8.545803e-05 -5.989855e-04 1.000000e+00
0.000000e+00 0.000000e+00 0.000000e+00 0.000000e+00 0.000000e+00 0.000000e+00 0.000000e+00 0.000000e+00 0.000000e+00
6.0824742268041232e-01
118
0
7 9
1.136963e+00 -9.160036e-02 -3.410839e+01 -5.482065e-03 1.083204e+00 9.846410e+01 -5.386509e-04 1.158711e-03 1.000000e+00
0.000000e+00 0.000000e+00 0.000000e+00 0.000000e+00 0.000000e+00 0.000000e+00 0.000000e+00 0.000000e+00 0.000000e+00
7.3154362416107388e-01
109
0
7 10
9.864224e-01 1.640330e-01 8.043423e+01 -1.812106e-01 9.701758e-01 1.352290e+02 -8.826932e-04 2.097401e-03 1.000000e+00
0.000000e+00 0.000000e+00 0.000000e+00 0.000000e+00 0.000000e+00 0.000000e+00 0.000000e+00 0.000000e+00 0.000000e+00
7.3786407766990292e-01
76
0
8 0
1.018289e+00 -1.678073e-01 -1.615567e+01 -1.741327e-01 1.414316e+00 1.249203e+02 7.455087e-04 1.289536e-03 1.112690e+00
0.000000e+00 0.000000e+00 0.000000e+00 0.000000e+00 0.000000e+00 0.000000e+00 0.000000e+00 0.000000e+00 0.000000e+00
0.0000000000000000e+00
0
0
8 1
1.066193e+00 -4.641057e-02 -3.526703e+01 -1.575918e-01 1.213972e+00 9.769470e+01 -1.633756e-03 3.590892e-03 1.323705e+00
0.000000e+00 0.000000e+00 0.000000e+00 0.000000e+00 0.000000e+00 0.000000e+00 0.000000e+00 0.000000e+00 0.000000e+00
0.0000000000000000e+00
0
0
8 2
8.799982e-01 -6.150638e-03 -4.578188e+01 -8.482728e-02 9.392432e-01 7.273255e+01 -1.874241e-03 4.505472e-03 1.424483e+00
0.000000e+00 0.000000e+00 0.000000e+00 0.000000e+00 0.000000e+00 0.000000e+00 0.000000e+00 0.000000e+00 0.000000e+00
0.0000000000000000e+00
0
0
8 7
9.460394e-01 -8.891620e-02 -3.305129e+01 2.556259e-02 1.044305e+00 2.508682e+01 9.615828e-05 6.179249e-04 1.012202e+00
0.000000e+00 0.000000e+00 0.000000e+00 0.000000e+00 0.000000e+00 0.000000e+00 0.000000e+00 0.000000e+00 0.000000e+00
0.0000000000000000e+00
0
0
8 9
9.337043e-01 -2.188798e-01 -6.820471e+01 -2.961004e-02 1.253798e+00 1.364616e+02 -4.386437e-04 2.301755e-03 1.000000e+00
0.000000e+00 0.000000e+00 0.000000e+00 0.000000e+00 0.000000e+00 0.000000e+00 0.000000e+00 0.000000e+00 0.000000e+00
7.1794871794871795e-01
56
0
8 10
1.076284e+00 -1.495348e-01 2.490844e+01 -1.566167e-01 1.567130e+00 2.244493e+02 -1.549019e-04 1.327733e-03 1.000000e+00
0.000000e+00 0.000000e+00 0.000000e+00 0.000000e+00 0.000000e+00 0.000000e+00 0.000000e+00 0.000000e+00 0.000000e+00
8.4210526315789469e-01
32
0
9 0
9.465988e-01 -3.232242e-02 5.658462e+01 -1.647062e-01 9.909082e-01 -3.851551e+01 1.159958e-03 -8.878182e-04 1.094020e+00
0.000000e+00 0.000000e+00 0.000000e+00 0.000000e+00 0.000000e+00 0.000000e+00 0.000000e+00 0.000000e+00 0.000000e+00
0.0000000000000000e+00
0
0
9 1
9.522464e-01 9.800481e-02 2.315518e+01 -2.450037e-01 9.846633e-01 -5.019245e+01 4.752491e-04 -7.291881e-04 1.045639e+00
0.000000e+00 0.000000e+00 0.000000e+00 0.000000e+00 0.000000e+00 0.000000e+00 0.000000e+00 0.000000e+00 0.000000e+00
0.0000000000000000e+00
0
0
9 2
7.599638e-01 2.446737e-01 -5.507055e+00 -2.096450e-01 9.499214e-01 -4.212130e+01 -3.666258e-04 -1.123819e-03 1.045798e+00
0.000000e+00 0.000000e+00 0.000000e+00 0.000000e+00 0.000000e+00 0.000000e+00 0.000000e+00 0.000000e+00 0.000000e+00
0.0000000000000000e+00
0
0
9 3
6.876437e-01 3.125079e-01 -3.219134e+01 -3.746015e-01 9.504551e-01 -2.018824e+01 -8.997068e-04 -1.003512e-03 1.062135e+00
0.000000e+00 0.000000e+00 0.000000e+00 0.000000e+00 0.000000e+00 0.000000e+00 0.000000e+00 0.000000e+00 0.000000e+00
0.0000000000000000e+00
0
0
9 5
1.284046e+00 -2.353156e-01 1.937273e+02 -1.197331e-01 1.226817e+00 -2.804943e+01 2.462927e-03 -1.052987e-03 1.376574e+00
0.000000e+00 0.000000e+00 0.000000e+00 0.000000e+00 0.000000e+00 0.000000e+00 0.000000e+00 0.000000e+00 0.000000e+00
0.0000000000000000e+00
0
0
9 7
8.919446e-01 4.793172e-02 2.570325e+01 -4.376899e-02 1.029520e+00 -1.028637e+02 5.311624e-04 -1.167098e-03 1.133034e+00
0.000000e+00 0.000000e+00 0.000000e+00 0.000000e+00 0.000000e+00 0.000000e+00 0.000000e+00 0.000000e+00 0.000000e+00
0.0000000000000000e+00
0
0
9 8
1.104022e+00 7.271193e-02 6.537713e+01 -3.553745e-02 1.061833e+00 -1.473231e+02 5.660710e-04 -2.412184e-03 1.367779e+00
0.000000e+00 0.000000e+00 0.000000e+00 0.000000e+00 0.000000e+00 0.000000e+00 0.000000e+00 0.000000e+00 0.000000e+00
0.0000000000000000e+00
0
0
9 10
1.066259e+00 -9.677599e-02 1.078247e+02 -5.210877e-02 9.772242e-01 5.712877e+01 6.994183e-04 -1.696982e-04 1.000000e+00
0.000000e+00 0.000000e+00 0.000000e+00 0.000000e+00 0.000000e+00 0.000000e+00 0.000000e+00 0.000000e+00 0.000000e+00
6.5384615384615385e-01
153
0
10 0
8.571982e-01 -3.557330e-03 -3.952672e+01 -5.285478e-02 9.955166e-01 -8.878487e+01 5.762640e-04 -9.040746e-04 1.056070e+00
0.000000e+00 0.000000e+00 0.000000e+00 0.000000e+00 0.000000e+00 0.000000e+00 0.000000e+00 0.000000e+00 0.000000e+00
0.0000000000000000e+00
0
0
10 1
9.248403e-01 1.218612e-01 -8.564940e+01 -1.442349e-01 1.074772e+00 -9.529952e+01 -1.036302e-04 -9.190498e-04 1.099540e+00
0.000000e+00 0.000000e+00 0.000000e+00 0.000000e+00 0.000000e+00 0.000000e+00 0.000000e+00 0.000000e+00 0.000000e+00
0.0000000000000000e+00
0
0
10 2
7.838934e-01 3.221515e-01 -1.098156e+02 -2.370143e-01 1.033581e+00 -8.040251e+01 -1.149205e-03 -1.521555e-03 1.266390e+00
0.000000e+00 0.000000e+00 0.000000e+00 0.000000e+00 0.000000e+00 0.000000e+00 0.000000e+00 0.000000e+00 0.000000e+00
0.0000000000000000e+00
0
0
10 3
7.816321e-01 3.531388e-01 -1.374990e+02 -2.784895e-01 9.969765e-01 -4.708451e+01 -1.719381e-03 -1.182464e-03 1.337172e+00
0.000000e+00 0.000000e+00 0.000000e+00 0.000000e+00 0.000000e+00 0.000000e+00 0.000000e+00 0.000000e+00 0.000000e+00
0.0000000000000000e+00
0
0
10 5
7.953001e-01 -2.799007e-01 9.264410e+01 3.285313e-01 1.380899e+00 -1.209056e+02 1.321406e-03 -7.676285e-04 1.186112e+00
0.000000e+00 0.000000e+00 0.000000e+00 0.000000e+00 0.000000e+00 0.000000e+00 0.000000e+00 0.000000e+00 0.000000e+00
0.0000000000000000e+00
0
0
10 7
9.460734e-01 6.435066e-03 -7.696689e+01 8.522338e-02 1.457145e+00 -2.039031e+02 6.563450e-04 -3.050538e-03 1.359728e+00
0.000000e+00 0.000000e+00 0.000000e+00 0.000000e+00 0.000000e+00 0.000000e+00 0.000000e+00 0.000000e+00 0.000000e+00
0.0000000000000000e+00
0
0
10 8
9.410790e-01 1.354064e-01 -5.383269e+01 9.035355e-02 8.009471e-01 -1.820226e+02 2.580957e-05 -1.042469e-03 1.233339e+00
0.000000e+00 0.000000e+00 0.000000e+00 0.000000e+00 0.000000e+00 0.000000e+00 0.000000e+00 0.000000e+00 0.000000e+00
0.0000000000000000e+00
0
0
10 9
1.016753e+00 8.085069e-02 -1.142500e+02 9.484878e-02 1.020797e+00 -6.854390e+01 -6.950399e-04 1.166790e-04 1.068277e+00
0.000000e+00 0.000000e+00 0.000000e+00 0.000000e+00 0.000000e+00 0.000000e+00 0.000000e+00 0.000000e+00 0.000000e+00
0.0000000000000000e+00
0
0
1036
5 0 0 7 0 1 0 8 0 3 3
2 0 1 1 2
2 0 2 1 1
2 0 5 10 16
3 0 6 1 3 7 1
4 0 7 1 11 9 12 10 9
4 0 8 1 12 5 4 7 7
2 0 9 5 7
3 0 13 1 20 2 19
3 0 22 2 31 1 16
3 0 27 1 35 2 32
8 0 29 1 40 2 44 5 22 7 20 9 25 10 17 8 39
4 0 30 5 23 7 21 8 40
4 0 32 2 43 9 19 10 18
9 0 34 1 45 2 47 5 25 7 23 9 31 10 19 3 127 8 42
7 0 35 1 47 2 50 3 89 5 27 7 24 8 30
4 0 36 1 46 7 25 2 48
2 0 37 5 28
7 0 38 1 31 2 53 3 62 10 31 9 38 4 36
5 0 44 2 90 5 20 7 56 1 55
8 0 47 1 39 2 39 5 24 7 34 9 29 10 25 8 92
6 0 53 1 60 2 70 7 40 10 28 8 63
2 0 60 5 37
4 0 64 1 69 5 42 7 48
7 0 66 1 75 7 82 2 120 5 106 8 87 6 98
3 0 67 1 80 7 55
2 0 68 1 81
7 0 72 1 91 2 67 5 53 7 62 10 60 9 56
2 0 75 1 94
2 0 77 1 64
4 0 81 5 40 7 70 8 110
3 0 82 1 97 2 102
3 0 83 1 68 5 41
3 0 85 1 72 2 106
3 0 90 5 65 10 57
6 0 91 1 111 2 122 5 66 7 117 9 68
7 0 92 1 114 2 123 7 118 9 92 8 153 10 108
4 0 93 1 115 7 119 8 154
7 0 96 1 119 5 71 7 86 2 127 9 69 10 59
6 0 97 1 120 2 128 5 70 7 87 9 70
3 0 98 7 126 8 163
2 0 100 7 66
2 0 102 1 171
3 0 103 1 128 7 98
4 0 104 1 102 2 105 7 100
4 0 105 5 85 7 101 10 130
2 0 106 5 43
2 0 107 1 104
6 0 111 1 135 5 89 7 105 9 154 10 96
2 0 115 5 101
2 0 116 7 165
4 0 117 1 195 5 99 7 166
3 0 118 5 107 6 100
3 0 119 1 141 2 171
5 0 120 1 106 5 111 7 81 8 82
8 0 122 1 143 2 176 5 108 7 169 9 117 8 207 10 106
2 0 123 5 112
3 0 125 1 110 9 125
7 0 126 1 146 2 179 5 154 7 170 9 126 8 213
7 0 127 1 147 2 180 7 171 8 214 9 127 5 155
4 0 128 1 112 5 119 7 120
5 0 129 1 113 5 120 7 121 6 142
7 0 132 1 148 2 124 3 162 7 172 9 130 10 80
7 0 136 1 152 5 160 7 125 9 94 10 81 2 187
8 0 141 1 154 2 190 3 168 7 178 8 161 9 138 4 127
6 0 142 1 153 2 189 7 179 9 139 8 218
6 0 145 1 123 2 134 3 170 7 129 8 165
2 0 147 5 75
7 0 152 5 357 10 181 1 320 3 443 7 198 9 335
2 0 153 1 129
2 0 155 1 98
2 0 157 1 172
2 0 158 10 193
2 0 162 1 174
3 0 164 1 136 2 108
2 0 165 7 108
3 0 171 1 184 7 156
2 0 172 5 100
2 0 176 5 145
2 0 178 1 186
5 0 179 1 258 5 147 7 230 6 172
5 0 181 2 237 7 231 9 114 10 103
8 0 182 1 199 2 318 5 149 7 235 9 171 10 145 8 290
6 0 190 1 151 2 183 7 175 9 135 10 111
5 0 191 1 150 2 182 7 174 10 112
5 0 195 1 213 7 183 9 194 10 167
5 0 196 1 215 2 256 7 184 9 196
3 0 199 7 191 1 161
3 0 200 7 192 1 162
2 0 202 1 163
3 0 207 1 167 5 170
7 0 208 1 168 5 171 7 202 10 127 8 141 9 151
6 0 210 1 229 7 204 8 179 10 191 9 1016
4 0 216 1 235 9 222 10 195
4 0 217 1 236 7 207 5 257
2 0 221 7 155
2 0 224 5 188
2 0 233 1 246
4 0 236 1 187 2 226 7 159
4 0 237 2 164 5 295 1 181
3 0 239 1 183 2 168
3 0 241 1 192 2 173
3 0 242 5 152 6 176
2 0 243 2 235
5 0 244 1 198 2 236 7 234 8 291
8 0 251 1 265 2 326 5 309 7 238 9 183 10 157 3 548
3 0 252 1 201 7 244
3 0 253 7 243 1 200
5 0 254 1 268 7 320 9 185 5 461
7 0 259 1 279 2 245 5 319 7 241 9 190 10 160
7 0 261 1 208 5 215 7 245 9 192 3 410 4 475
8 0 262 1 290 2 357 5 214 7 249 8 309 9 295 10 248
7 0 263 1 288 2 246 7 247 8 304 9 193 10 164
7 0 265 1 211 5 219 7 180 9 197 10 166 8 219
5 0 266 2 359 5 217 7 253 8 451
6 0 267 1 291 2 360 7 254 8 311 10 360
6 0 268 1 296 2 544 5 216 7 345 10 257
4 0 270 1 298 5 328 10 259
2 0 272 1 299
5 0 275 1 217 9 210 10 175 7 265
3 0 278 1 220 9 209
3 0 279 1 307 7 272
6 0 282 3 433 7 270 1 314 2 388 9 327
4 0 283 3 432 7 271 2 387
7 0 287 1 321 2 397 3 605 7 285 9 337 8 249
6 0 288 1 322 2 277 3 442 9 336 4 271
3 0 289 5 237 1 754
4 0 291 1 460 7 145 8 109
7 0 292 1 318 5 244 7 288 9 347 10 287 2 379
5 0 293 1 323 10 187 9 350 8 347
4 0 294 1 600 5 366 9 762
5 0 296 7 386 8 340 9 358 10 194
3 0 297 9 584 10 718
7 0 300 1 234 5 254 9 351 7 298 10 291 8 186
3 0 301 5 255 10 547
4 0 303 1 237 2 418 7 209
2 0 304 7 212
7 0 305 1 241 2 211 3 189 9 229 10 198 4 104
6 0 307 1 331 2 286 7 301 8 263 3 607
2 0 316 1 353
3 0 325 1 375 7 311
2 0 326 1 364
2 0 327 1 365
3 0 332 1 252 2 220
3 0 334 1 255 7 226
3 0 335 5 297 6 322
2 0 336 1 374
3 0 338 1 377 2 473
2 0 340 1 367
2 0 347 5 304
7 0 348 1 388 2 322 7 316 9 272 10 227 8 419
2 0 352 1 267
4 0 354 1 512 7 432 8 421
5 0 355 1 263 9 405 7 318 10 337
4 0 359 7 445 1 387 8 640
7 0 360 1 391 2 493 7 319 8 423 9 282 10 341
3 0 363 9 284 10 238
7 0 364 1 272 2 328 7 240 8 294 9 285 3 554
10 0 365 1 273 2 333 5 311 7 322 8 295 9 286 10 240 3 401 4 345
9 0 367 1 396 2 330 3 556 5 312 7 324 9 288 10 241 8 425
3 0 369 1 270 2 232
9 0 370 1 274 2 329 3 396 5 314 7 327 9 290 10 242 8 426
3 0 371 3 397 5 315
10 0 372 1 277 2 339 3 561 5 317 7 328 9 292 10 245 4 460 8 427
10 0 373 1 278 2 338 3 560 5 318 7 329 9 293 10 246 8 428 4 459
8 0 374 1 401 2 515 7 455 8 434 9 425 10 352 5 636
4 0 375 2 344 5 323 3 406
5 0 376 1 280 2 345 7 334 9 297
2 0 377 5 324
7 0 378 1 403 2 341 5 325 7 335 9 298 3 404
6 0 379 1 404 2 342 3 405 7 336 9 299
8 0 380 1 412 2 536 5 320 9 416 10 351 3 578 8 642
10 0 381 1 284 2 348 3 409 5 326 7 338 9 302 10 250 8 438 4 355
2 0 382 5 313
10 0 383 1 406 2 522 3 570 5 473 7 456 8 625 9 427 10 357 4 469
8 0 384 1 408 3 574 5 477 7 339 8 633 10 253 2 709
3 0 386 5 478 10 255
5 0 387 1 289 2 349 9 305 10 256
2 0 388 5 327
2 0 389 7 463
4 0 399 1 430 2 548 3 426
3 0 400 2 549 1 431
2 0 402 9 331
2 0 403 1 304
5 0 404 1 426 2 340 10 254 9 312
2 0 406 7 492
5 0 409 1 429 9 323 10 261 8 327
6 0 410 2 247 9 324 10 262 3 305 4 172
2 0 412 7 359
4 0 414 1 432 7 362 8 672
5 0 415 1 309 2 259 3 231 9 322
3 0 416 7 358 8 328
4 0 417 5 345 7 266 8 225
3 0 418 7 267 8 226
3 0 420 3 596 4 516
2 0 421 1 449
6 0 424 3 595 7 357 4 515 2 560 5 352
2 0 428 2 385
2 0 430 1 448
3 0 433 1 450 7 371
2 0 441 5 251
2 0 442 5 370
2 0 443 1 470
5 0 445 1 472 2 415 5 713 10 935
2 0 446 1 327
6 0 447 1 609 9 469 10 294 7 686 2 981
2 0 448 5 260
2 0 450 1 238
7 0 451 1 330 2 419 5 537 7 300 9 355 10 406
2 0 452 1 329
4 0 453 1 333 5 380 7 303
3 0 454 1 334 7 304
2 0 455 7 393
2 0 457 1 336
3 0 458 1 482 2 1016
2 0 481 1 349
2 0 482 1 372
2 0 484 1 347
2 0 485 1 348
3 0 486 1 502 7 541
3 0 487 1 507 7 420
2 0 489 1 652
6 0 493 1 516 3 693 9 400 10 335 8 839
8 0 494 1 517 5 459 7 578 9 404 2 481 8 577 3 523
7 0 498 1 395 2 694 7 436 8 437 9 402 10 338
6 0 502 1 527 2 665 7 435 8 584 9 406
3 0 503 2 666 5 615
8 0 504 1 526 2 659 3 702 7 586 9 518 10 463 4 628
8 0 506 1 393 2 489 3 541 7 438 9 287 10 239 8 424
2 0 508 5 464
8 0 509 1 533 2 499 3 726 5 465 7 439 9 411 8 598
9 0 510 1 537 2 680 3 729 7 440 9 521 10 478 5 463 8 600
7 0 511 1 538 2 681 3 730 7 441 9 522 10 479
6 0 512 1 394 2 490 3 544 7 442 9 413
6 0 513 1 534 3 549 5 467 9 414 8 602
8 0 514 1 535 2 496 3 550 7 444 8 604 9 415 10 344
9 0 516 1 541 2 498 3 713 5 629 9 532 7 598 8 607 10 484
7 0 517 1 397 2 495 3 546 7 446 9 417 10 346
8 0 519 1 399 2 505 3 555 7 447 9 294 10 243 8 429
8 0 520 1 544 2 507 7 448 9 418 10 349 3 725 8 435
9 0 521 1 545 2 508 3 724 5 632 7 449 9 419 10 350 8 436
8 0 522 1 546 2 516 5 633 7 451 9 420 10 353 3 985
8 0 523 1 547 3 986 7 452 9 421 2 517 5 634 8 611
9 0 524 1 548 2 520 3 571 5 471 7 450 8 432 9 422 10 354
4 0 525 1 549 3 572 4 472
7 0 526 1 400 2 514 5 635 7 454 9 424 8 433
10 0 528 1 405 2 519 3 567 5 472 7 453 8 612 9 423 10 355 4 468
6 0 530 2 518 3 562 5 644 7 464 9 428
4 0 531 7 459 9 545 8 629
6 0 532 1 559 2 710 7 460 9 546 10 503
7 0 533 2 711 3 745 7 461 9 547 10 504 1 557
9 0 534 1 562 2 708 3 738 5 650 7 468 8 635 9 554 10 506
8 0 535 1 563 2 707 3 737 5 651 7 469 8 636 9 555
6 0 536 1 410 2 523 3 565 7 471 10 361
5 0 537 1 411 2 524 5 655 7 472
8 0 539 1 415 2 525 7 475 8 445 9 432 10 362 5 480
7 0 540 1 416 2 526 7 476 8 446 9 433 10 363
7 0 542 1 425 2 540 5 483 7 347 3 586 8 317
2 0 544 1 576
4 0 549 9 446 7 644 2 706
3 0 550 8 465 9 564
2 0 552 5 679
3 0 570 1 592 10 387
5 0 571 5 702 8 332 10 531 1 452
2 0 574 1 464
3 0 577 9 344 10 400
4 0 578 5 711 7 513 10 719
7 0 579 1 604 5 527 7 512 8 697 2 979 10 720
5 0 582 1 1008 5 174 2 1001 10 404
3 0 588 1 611 7 688
4 0 591 1 791 5 723 7 696
7 0 592 1 615 5 542 7 528 10 551 2 766 9 466
6 0 593 1 614 2 765 5 543 7 529 8 363
3 0 598 7 556 8 592
2 0 599 5 567
3 0 607 1 498 8 521
2 0 613 2 432
2 0 616 8 746
3 0 617 1 504 2 641
3 0 618 7 544 8 787
2 0 630 1 345
2 0 641 1 650
3 0 644 5 585 10 438
2 0 647 9 621
5 0 650 1 659 3 949 9 496 10 444
4 0 657 1 666 9 503 10 446
8 0 658 1 669 2 863 3 970 5 804 7 771 9 636 10 599
5 0 659 1 514 2 654 5 453 9 398
5 0 660 1 515 2 655 5 454 9 399
4 0 661 1 670 2 880 8 594
7 0 666 1 518 2 652 7 579 9 511 3 688 4 125
3 0 669 8 887 9 641
5 0 670 1 689 5 806 8 888 9 849
3 0 671 1 524 7 583
8 0 672 1 525 2 661 3 703 5 617 9 514 10 462 8 588
9 0 673 1 528 2 663 3 957 5 818 7 584 9 515 10 466 8 589
8 0 674 1 529 2 664 3 958 7 585 9 516 10 467 5 819
6 0 676 1 676 2 672 3 972 5 821 9 669
3 0 677 2 673 5 822
6 0 678 1 678 2 877 7 784 9 672 10 618
6 0 679 1 530 2 491 3 707 5 827 9 410
6 0 680 1 531 3 706 5 828 9 409 8 595
7 0 681 1 680 2 876 5 832 7 588 9 519 10 469
8 0 682 1 532 2 671 5 624 7 589 9 523 10 472 3 712
9 0 683 1 536 2 678 3 719 5 625 7 591 8 864 9 524 10 476
6 0 684 2 667 7 594 8 870 9 525 1 687
8 0 685 1 688 2 668 3 711 7 595 8 871 9 526 10 474
7 0 686 1 690 2 882 7 592 9 527 10 486 5 837
8 0 687 1 691 2 883 5 838 7 593 9 528 10 487 8 867
7 0 688 1 539 2 674 3 714 7 596 9 530 10 481
8 0 689 1 540 2 675 3 715 7 597 9 531 10 482 8 875
9 0 693 1 704 2 692 3 991 5 849 7 600 9 693 10 491 8 884
7 0 694 1 705 2 693 5 850 7 601 8 885 9 694
9 0 696 1 706 2 686 3 980 7 603 9 538 10 493 5 853 8 614
8 0 697 1 707 2 687 3 981 7 604 8 615 9 539 10 494
8 0 698 1 708 2 886 3 975 7 607 8 621 9 541 10 495
6 0 699 2 705 3 995 5 637 10 498 4 909
8 0 701 1 550 2 689 3 732 5 640 7 608 9 542 10 496
9 0 703 1 551 2 698 3 736 5 641 7 610 8 897 9 544 10 501
4 0 704 2 900 5 857 7 612
5 0 706 1 714 2 899 7 809 9 705
5 0 707 1 554 2 702 5 645 7 614
6 0 708 1 555 2 703 7 615 9 712 10 635
8 0 709 1 715 2 700 3 987 5 862 7 619 9 552 10 637
8 0 710 1 716 2 701 3 988 5 863 7 620 9 553 10 638
2 0 711 7 623
2 0 712 7 624
8 0 714 1 573 2 723 5 656 7 630 9 550 10 510 4 944
2 0 715 10 648
2 0 719 1 724
2 0 720 5 885
7 0 721 1 742 5 661 7 636 8 653 9 724 6 622
5 0 725 2 949 3 1031 5 660 7 635
2 0 732 5 898
6 0 733 1 739 2 712 7 854 9 572 10 650
5 0 735 2 717 9 454 1 581 7 647
5 0 738 1 746 5 686 7 650 2 934
2 0 739 10 675
2 0 743 1 586
4 0 744 7 374 10 524 1 224
6 0 747 1 588 5 699 8 476 10 704 6 698
3 0 748 5 700 6 699
3 0 752 7 505 8 478
3 0 753 5 923 8 690
2 0 755 7 661
5 0 757 1 461 2 200 4 177 3 308
2 0 758 1 462
6 0 759 1 761 7 666 10 711 2 964 9 1002
5 0 762 1 599 7 667 9 585 10 540
3 0 766 1 765 5 710
6 0 768 1 766 5 528 7 672 8 698 6 503
5 0 769 1 770 5 712 7 514 8 486
2 0 770 1 471
2 0 772 9 773
7 0 773 1 781 5 717 7 894 9 786 10 552 6 720
6 0 775 1 783 5 720 9 787 10 728 2 758
4 0 776 1 1018 5 535 7 690
3 0 777 1 1019 7 691
4 0 778 5 726 7 697 6 508
6 0 779 1 794 7 903 8 1018 9 1036 10 730
3 0 787 7 562 8 619
2 0 792 1 621
3 0 794 7 762 8 922
3 0 795 7 763 8 923
2 0 798 1 636
2 0 811 1 632
2 0 823 5 581
4 0 829 10 439 5 593 9 391
2 0 831 1 823
2 0 832 5 782
3 0 833 1 829 7 736
3 0 838 1 830 7 739
5 0 844 1 660 7 764 9 628 10 591
4 0 851 1 848 7 766 10 595
3 0 853 9 839 1 850
7 0 855 2 845 3 681 9 840 1 513 4 851 5 455
2 0 856 2 851
6 0 857 1 664 2 852 7 767 9 640 10 601
5 0 858 1 665 7 770 9 642 10 606
4 0 859 1 843 9 644 10 604
4 0 860 1 845 9 645 10 605
3 0 861 1 847 2 854
6 0 862 2 853 3 944 9 650 1 846 5 811
2 0 864 7 773
6 0 865 1 844 2 650 7 774 9 648 5 613
4 0 866 1 849 9 654 7 775
4 0 867 1 667 7 776 9 652
6 0 868 1 668 2 849 7 777 9 653 10 610
3 0 869 2 848 3 686
4 0 874 1 673 7 781 8 853
8 0 875 1 674 2 862 3 955 7 782 8 854 9 665 10 461
6 0 876 1 854 3 952 5 826 9 668 10 614
5 0 877 1 862 2 870 9 671 10 617
7 0 879 1 681 2 875 7 786 9 673 10 470 8 859
6 0 880 2 872 7 787 8 860 9 674 1 683
2 0 881 9 675
7 0 882 2 873 7 788 8 861 9 676 10 619 1 684
2 0 884 5 833
7 0 885 1 692 5 834 7 790 8 862 9 677 10 483
5 0 887 1 693 2 881 9 678 10 621
6 0 889 1 872 7 791 8 874 9 685 10 623
5 0 890 1 712 9 858 2 912 8 909
7 0 891 1 694 5 845 7 792 9 686 10 624 8 876
8 0 894 1 542 2 871 3 963 9 533 7 599 8 608 10 485
5 0 897 1 877 7 800 9 875 10 829
6 0 898 1 876 7 799 10 830 2 888 9 695
8 0 899 1 697 2 878 7 795 8 886 9 536 10 488 3 966
4 0 900 1 698 7 796 10 489
7 0 901 1 702 5 848 7 797 8 881 9 691 10 490
2 0 902 10 628
3 0 904 1 893 9 867
8 0 905 1 709 2 887 7 605 9 540 10 492 8 618 3 977
3 0 906 7 806 10 631
5 0 907 1 882 7 802 9 880 10 632
5 0 908 1 883 7 803 9 881 10 633
2 0 909 9 882
3 0 911 1 888 9 703
6 0 912 1 884 2 897 7 810 9 706 10 634
5 0 913 1 885 2 898 7 811 9 707
5 0 915 2 907 7 814 9 710 5 860
10 0 916 2 908 3 1003 5 858 7 812 9 708 10 640 1 717 4 266 8 902
8 0 917 1 718 2 909 5 859 7 813 8 903 9 709 3 1004
5 0 921 1 894 7 818 9 894 10 642
7 0 924 1 896 2 903 9 899 10 860 3 740 5 866
2 0 925 1 900
2 0 926 1 901
2 0 933 9 716
5 0 940 1 722 3 938 8 935 9 722
3 0 945 1 740 3 775
2 0 946 3 1025
2 0 950 1 934
2 0 953 1 938
2 0 954 9 917
7 0 956 1 741 2 528 3 400 9 573 10 513 4 251
3 0 968 1 949 9 956
5 0 969 1 748 5 908 9 766 10 694
2 0 970 7 860
2 0 971 10 682
2 0 972 1 963
4 0 974 7 658 10 917 5 920
2 0 977 1 971
3 0 978 5 706 7 869
3 0 979 1 978 5 698
4 0 980 7 664 1 764 8 343
3 0 981 7 665 5 705
4 0 983 1 980 7 876 8 705
2 0 984 1 985
6 0 986 1 975 2 962 5 925 9 775 10 932
2 0 987 1 977
2 0 1001 1 1007
7 0 1002 1 989 5 714 7 883 9 782 10 722 6 716
2 0 1003 5 930
2 0 1004 5 931
5 0 1005 1 997 5 932 7 675 8 703
3 0 1006 7 676 8 704
4 0 1007 1 771 7 680 9 784
2 0 1009 1 774
3 0 1017 9 1037 10 959
3 0 1019 1 792 2 583
4 0 1021 1 793 2 764 7 695
4 0 1023 5 961 7 915 10 960
3 0 1026 1 1036 2 1015
3 0 1030 2 1017 3 1110
4 1 5 2 3 7 6 8 6
2 1 13 7 9
2 1 14 7 11
3 1 21 2 38 7 19
3 1 23 8 28 9 18
3 1 24 2 46 7 15
2 1 34 2 16
2 1 38 7 22
2 1 42 7 37
3 1 66 7 44 8 54
2 1 71 2 56
2 1 73 2 107
3 1 74 7 83 8 86
2 1 76 2 121
2 1 77 7 57
3 1 78 7 53 8 90
2 1 82 7 60
2 1 93 5 80
3 1 100 5 90 7 73
2 1 101 7 102
2 1 105 7 80
2 1 107 2 84
2 1 116 7 84
4 1 122 2 133 3 169 4 92
2 1 132 2 206
5 1 133 2 150 7 148 9 102 8 111
3 1 137 7 77 8 59
2 1 138 7 76
3 1 140 2 166 7 167
4 1 142 2 172 7 115 8 126
5 1 159 7 187 8 171 9 96 2 125
4 1 160 2 126 7 188 3 115
4 1 164 2 135 7 195 9 146
2 1 176 7 302
4 1 177 2 156 3 147 4 75
3 1 178 2 158 3 149
3 1 180 2 163 3 202
3 1 185 2 222 7 161
2 1 191 2 228
4 1 196 2 234 7 233 5 200
5 1 207 3 311 8 300 9 191 10 161
2 1 210 2 177
3 1 212 2 186 10 263
4 1 214 2 255 8 315 9 195
4 1 216 2 185 7 190 9 145
2 1 218 7 193
2 1 221 2 258
3 1 222 2 257 9 213
3 1 226 2 199 7 200
2 1 231 2 203
2 1 232 2 204
2 1 249 2 215
2 1 253 7 223
2 1 260 7 164
2 1 261 3 380
5 1 264 2 327 7 237 3 547 4 642
2 1 266 7 341
3 1 269 7 321 9 186
4 1 285 2 355 7 246 9 283
3 1 292 8 661 9 200
2 1 293 2 501
2 1 294 7 263
3 1 297 2 365 5 332
2 1 303 2 547
2 1 305 3 427
5 1 306 2 361 3 314 7 354 4 188
2 1 308 2 358
2 1 312 8 236
2 1 313 7 365
2 1 315 7 277
3 1 319 2 555 7 289
2 1 328 2 410
2 1 332 2 208
2 1 338 2 422
2 1 350 2 442
4 1 359 2 465 7 217 8 384
3 1 360 2 466 7 218
2 1 376 5 608
7 1 390 2 492 8 586 9 277 10 234 3 557 5 605
3 1 392 2 494 3 553
2 1 427 5 339
2 1 434 3 588
2 1 436 7 496
2 1 443 5 351
2 1 444 7 355
2 1 445 7 504
3 1 473 2 416 8 356
2 1 474 2 581
2 1 477 2 584
2 1 481 7 532
2 1 493 2 816
2 1 494 2 817
2 1 497 2 823
2 1 508 2 827
5 1 510 2 634 7 424 3 505 8 405
6 1 521 2 662 5 449 7 429 9 396 10 331
2 1 543 3 716
2 1 558 3 744
3 1 560 7 616 9 548
4 1 561 7 618 9 549 8 906
2 1 568 7 640
2 1 569 2 192
2 1 571 5 883
2 1 572 5 884
3 1 574 2 513 9 440
2 1 578 7 645
2 1 579 7 646
6 1 589 3 1066 2 748 4 208 9 575 10 388
4 1 596 2 270 4 175 3 402
4 1 597 2 271 4 176 3 403
3 1 606 2 984 7 673
3 1 608 2 407 3 330
2 1 612 7 905
2 1 646 7 413
2 1 649 7 552
2 1 654 2 834
2 1 679 7 805
5 1 695 5 840 9 683 10 625 2 684
5 1 696 2 685 5 841 9 684 10 626
4 1 699 2 648 7 625 10 456
6 1 713 2 696 3 735 5 642 8 901 10 499
3 1 719 9 890 10 853
5 1 720 5 865 9 891 10 854 3 1000
3 1 723 3 939 10 811
2 1 728 2 929
2 1 733 9 563
4 1 743 2 532 9 452 10 371
2 1 744 2 533
4 1 747 2 724 3 579 9 738
3 1 751 5 914 7 651
4 1 752 7 652 8 961 5 915
5 1 753 5 689 9 959 3 1061 4 989
2 1 758 3 794
2 1 768 7 879
6 1 772 2 751 3 802 7 888 9 1027 4 373
6 1 773 2 755 7 682 3 608 8 490 4 274
2 1 776 7 684
3 1 777 7 685 8 713
2 1 778 7 520
2 1 786 7 689
3 1 797 7 394 8 503
2 1 800 7 703
3 1 810 7 772 8 656
2 1 813 7 720
2 1 818 9 625
3 1 819 10 786 9 826
2 1 825 9 513
2 1 833 2 806
2 1 837 7 759
3 1 842 9 848 10 603
2 1 859 9 868
2 1 860 9 869
2 1 864 9 870
2 1 865 9 871
4 1 867 9 680 2 866 5 846
5 1 868 2 867 9 681 10 821 5 847
4 1 873 7 793 9 689 10 826
3 1 880 9 876 10 816
2 1 881 5 852
3 1 886 3 990 10 847
3 1 891 7 815 9 714
3 1 892 9 892 10 852
5 1 897 2 906 3 997 5 482 9 901
3 1 899 7 817 8 863
2 1 909 9 907
2 1 910 9 908
2 1 915 2 913
2 1 919 7 844
3 1 925 2 893 9 929
2 1 926 5 649
3 1 929 9 931 10 865
2 1 935 3 1023
3 1 942 8 934 9 728
2 1 943 10 876
2 1 950 9 948
2 1 951 9 754
4 1 954 2 937 9 960 10 896
3 1 957 9 977 10 907
2 1 968 7 872
3 1 973 2 959 9 1005
3 1 974 3 592 4 197
3 1 976 7 874 10 931
2 1 984 7 878
2 1 986 8 990
2 1 996 7 887
2 1 1005 9 1029
2 1 1020 8 361
2 1 1024 5 724
3 1 1026 7 909 8 1037
2 1 1027 9 791
3 1 1030 7 701 9 1015
3 2 2 8 1 9 6
2 2 33 3 43
2 2 86 3 69
2 2 119 3 102
2 2 137 3 82
2 2 139 3 176
2 2 154 3 97
2 2 157 3 148
3 2 159 7 154 8 145
6 2 178 3 218 7 173 8 296 9 131 5 161
4 2 201 3 134 9 155 10 192
3 2 207 3 145 4 59
3 2 231 5 209 6 332
4 2 252 9 212 10 177 3 237
4 2 253 3 313 7 264 4 186
2 2 272 9 225
2 2 273 9 226
4 2 274 3 243 10 399 9 354
2 2 279 9 156
2 2 281 3 246
2 2 285 8 270
2 2 295 3 344
2 2 300 3 272
2 2 312 3 349
4 2 321 3 381 9 300 4 155
3 2 325 3 297 4 231
3 2 346 9 319 10 258
2 2 347 9 320
2 2 352 9 211
3 2 353 3 309 4 178
3 2 382 3 320 4 131
2 2 392 7 268
2 2 394 3 244
2 2 398 9 455
2 2 413 3 250
2 2 434 3 464
3 2 443 9 240 10 139
2 2 474 3 359
2 2 477 7 613
5 2 482 3 528 5 456 10 334 8 838
2 2 483 3 527
2 2 484 4 562
3 2 497 4 239 3 531
2 2 512 7 457
2 2 530 3 756
2 2 531 3 757
2 2 534 9 306
3 2 535 10 358 9 307
2 2 552 3 425
2 2 569 4 523
3 2 577 3 247 9 785
2 2 587 3 454
2 2 593 5 551
2 2 597 3 459
2 2 603 3 646
2 2 651 3 687
2 2 660 9 657
4 2 670 5 627 7 590 8 601
2 2 676 3 532
2 2 677 3 533
3 2 688 3 535 4 305
2 2 697 7 845
3 2 704 5 657 9 717
3 2 714 3 731 4 329
2 2 725 3 580
2 2 727 3 577
4 2 742 3 793 9 759 5 519
2 2 749 4 209
3 2 752 3 606 4 272
2 2 760 9 788
3 2 762 9 592 10 553
2 2 763 5 948
3 2 781 9 478 10 416
2 2 820 3 654
4 2 838 3 675 8 806 4 614
2 2 855 4 582
2 2 859 9 911
2 2 869 3 945
3 2 874 3 696 4 424
2 2 892 3 710
2 2 895 3 992
5 2 916 7 808 8 915 9 517 10 480
3 2 920 9 731 7 851
2 2 944 9 969
3 2 950 8 455 9 551
2 2 966 3 784
3 2 978 3 805 4 378
2 2 980 9 1024
2 2 985 9 985
2 2 987 3 809
2 2 989 3 1073
3 2 995 3 814 4 529
5 2 1003 3 825 7 527 9 774 10 950
4 2 1008 3 828 9 789 4 388
2 2 1010 9 473
2 3 61 4 22
2 3 71 4 41
3 3 88 10 29 9 34
2 3 96 4 54
2 3 114 4 62
2 3 156 4 82
2 3 158 4 88
2 3 161 4 63
2 3 229 4 121
2 3 321 4 200
2 3 328 4 204
2 3 329 4 140
2 3 345 5 417
2 3 370 4 310
2 3 392 4 248
2 3 393 4 167
2 3 413 4 119
2 3 430 4 202
3 3 440 4 376 5 361
2 3 448 4 277
2 3 476 4 223
2 3 485 4 151
2 3 495 4 224
2 3 518 4 333
2 3 519 4 218
2 3 526 4 221
2 3 529 4 246
2 3 530 4 227
2 3 552 4 250
2 3 566 5 653
2 3 568 4 255
2 3 573 4 340
2 3 581 4 477
2 3 585 4 359
2 3 618 4 539
2 3 658 4 553
2 3 660 4 285
2 3 663 4 559
2 3 676 4 306
2 3 679 4 312
2 3 680 4 314
2 3 690 4 225
2 3 695 4 226
2 3 709 4 325
2 3 728 5 843
2 3 743 4 338
3 3 746 4 662 5 639
2 3 749 4 665
2 3 758 4 465
2 3 763 4 471
2 3 764 4 470
3 3 776 4 498 5 492
2 3 786 4 517
2 3 787 4 521
3 3 797 4 714 9 761
2 3 799 4 270
2 3 803 5 709
2 3 804 4 377
2 3 808 4 524
2 3 824 7 526
2 3 826 4 743
2 3 827 4 744
2 3 829 4 537
2 3 863 4 776
2 3 880 4 395
2 3 894 4 580
2 3 903 4 391
2 3 922 4 413
2 3 930 4 294
2 3 931 4 578
2 3 933 4 419
2 3 953 4 629
2 3 960 4 603
2 3 961 4 604
2 3 967 5 830
2 3 968 5 829
2 3 971 4 883
2 3 976 7 778
2 3 999 5 864
3 3 1012 4 674 7 626
2 3 1019 10 699
2 3 1030 4 693
2 3 1037 4 501
2 3 1039 4 503
2 3 1040 4 692
2 3 1042 4 505
2 3 1044 4 511
3 3 1057 4 992 10 705
2 3 1076 10 437
2 3 1079 5 924
3 3 1082 10 926 8 995
2 3 1096 4 533
2 3 1097 4 534
2 5 49 6 80
3 5 54 7 65 8 45
2 5 78 6 83
2 5 87 7 150
3 5 88 7 151 8 120
2 5 92 7 107
2 5 105 7 163
2 5 226 7 262
3 5 243 10 68 9 79
2 5 252 7 296
2 5 308 6 454
2 5 335 7 351
2 5 340 7 261
2 5 359 6 363
2 5 360 7 141
2 5 383 7 398
2 5 391 6 403
2 5 399 6 570
2 5 426 6 316
2 5 432 6 327
2 5 502 6 340
3 5 510 10 375 9 458
2 5 529 6 372
2 5 530 6 374
2 5 536 6 724
2 5 630 10 348
2 5 643 7 631
2 5 665 7 638
2 5 696 6 659
2 5 697 6 660
2 5 732 7 919
2 5 776 7 716
2 5 780 7 710
3 5 807 9 850 8 889
2 5 809 9 646
2 5 812 7 768
3 5 816 9 664 7 780
2 5 909 7 634
2 5 916 6 658
2 5 922 6 678
3 5 942 10 957 9 1033
2 5 960 7 914
2 7 4 8 4
2 7 5 8 7
2 7 43 8 49
2 7 58 8 88
2 7 61 8 60
2 7 69 8 52
2 7 72 8 73
2 7 88 8 97
2 7 89 8 100
2 7 91 8 103
2 7 95 8 101
2 7 112 8 123
2 7 128 8 164
2 7 138 8 107
2 7 153 8 78
3 7 177 8 160 9 137
2 7 181 8 221
2 7 219 8 194
2 7 224 8 197
4 7 252 8 310 9 301 10 251
2 7 269 9 326
2 7 284 8 252
2 7 292 8 257
2 7 294 8 345
2 7 309 8 391
2 7 332 8 301
2 7 344 8 318
2 7 377 8 256
2 7 382 10 402
2 7 383 10 403
2 7 387 8 260
2 7 390 8 262
2 7 403 8 385
2 7 410 8 396
2 7 411 8 395
2 7 414 8 548
2 7 423 8 403
2 7 430 8 587
2 7 443 8 603
4 7 465 8 440 9 429 10 359
2 7 466 8 905
2 7 482 8 460
2 7 507 8 334
2 7 509 8 339
2 7 545 8 578
2 7 546 8 579
2 7 557 8 553
2 7 559 8 620
2 7 561 8 412
2 7 564 8 623
2 7 567 8 639
2 7 575 9 502
3 7 577 9 403 10 336
2 7 580 8 605
3 7 582 8 583 10 460
2 7 587 10 468
2 7 611 8 898
2 7 617 10 505
2 7 677 8 707
2 7 702 8 730
2 7 709 8 836
2 7 711 8 520
2 7 721 8 845
2 7 725 8 796
2 7 726 8 849
2 7 730 8 606
2 7 733 8 804
2 7 737 8 816
2 7 738 8 817
2 7 740 8 818
2 7 752 8 912
2 7 753 8 913
2 7 765 8 928
2 7 783 8 663
2 7 785 10 620
3 7 827 9 885 8 926
3 7 828 8 925 9 886
2 7 862 8 681
2 7 875 10 934
2 7 881 8 175
2 8 14 10 224
3 8 872 9 679 10 622
2 8 910 9 905
3 8 911 9 906 10 796
2 9 61 10 33
2 9 66 10 49
2 9 76 10 69
2 9 81 10 70
2 9 119 10 144
2 9 141 10 119
2 9 152 10 132
2 9 157 10 134
2 9 235 10 212
2 9 236 10 210
2 9 237 10 211
2 9 247 10 203
2 9 251 10 213
2 9 252 10 214
2 9 255 10 311
2 9 270 10 223
2 9 308 10 252
2 9 310 10 168
2 9 315 10 260
2 9 352 10 537
2 9 353 10 292
2 9 363 10 302
2 9 365 10 209
2 9 366 10 306
2 9 374 10 420
2 9 375 10 421
2 9 380 10 310
2 9 393 10 323
2 9 453 10 372
2 9 467 10 298
2 9 468 10 408
2 9 470 10 409
2 9 475 10 412
2 9 490 10 411
2 9 535 10 458
2 9 574 10 673
2 9 576 10 921
2 9 580 10 398
2 9 583 10 717
2 9 586 10 541
2 9 595 10 731
2 9 602 10 739
2 9 603 10 563
2 9 613 10 752
2 9 615 10 560
2 9 626 10 586
2 9 647 10 607
2 9 649 10 609
2 9 696 10 629
2 9 701 10 842
2 9 702 10 630
2 9 741 10 681
2 9 744 10 905
2 9 756 10 686
2 9 769 10 697
2 9 828 10 791
2 9 830 10 794
2 9 832 10 797
2 9 846 10 810
2 9 898 10 843
2 9 920 10 888
2 9 922 10 857
2 9 937 10 866
2 9 968 10 902
2 9 978 10 713
2 9 998 10 927
2 9 1001 10 930
2 9 1040 10 968
