1 10
179
0 1
4 33
6 33
7 13
11 9
31 31
39 25
40 17
45 19
55 23
60 28
91 60
98 66
104 132
119 59
130 699
132 289
138 199
148 80
150 112
151 111
152 81
168 127
199 145
207 161
211 166
212 263
229 191
234 291
263 337
265 157
273 240
274 242
277 245
278 246
279 160
284 250
288 164
289 256
290 248
291 360
296 257
298 259
312 275
318 287
320 181
323 187
330 406
388 227
390 234
391 341
393 239
396 241
397 346
399 243
401 352
402 354
405 355
406 357
408 253
410 361
412 351
415 362
416 363
426 254
429 261
447 275
452 531
463 699
472 935
498 314
515 339
516 335
521 331
524 464
525 462
526 463
528 466
529 467
532 472
535 344
536 476
537 478
538 479
539 481
540 482
541 484
542 485
544 349
545 350
546 353
548 354
550 496
551 501
555 635
557 504
558 503
562 506
573 510
582 877
588 704
592 387
599 540
601 374
615 551
652 437
659 444
660 591
664 601
666 446
668 610
669 599
674 461
678 618
680 469
681 470
684 619
688 474
690 486
691 487
692 483
693 621
694 624
695 625
696 626
697 488
698 489
699 456
702 490
704 491
706 493
707 494
708 495
709 492
713 499
715 637
716 638
717 640
719 853
720 854
721 882
723 811
739 650
752 681
761 711
781 552
783 728
819 786
839 660
842 603
843 607
848 595
849 611
854 614
862 617
868 821
872 623
873 826
874 814
880 816
882 632
883 633
884 634
886 847
892 852
896 860
900 713
913 888
929 865
943 876
945 404
951 374
957 907
963 681
975 932
976 931
989 722
993 945
996 953
