0 10
172
5 16
7 9
13 2
19 46
29 17
32 18
34 19
38 31
44 23
47 25
53 28
68 23
72 60
90 57
105 130
136 81
152 181
158 193
181 103
182 145
183 106
199 94
200 95
208 127
213 193
224 210
251 157
259 160
262 248
263 164
265 166
266 751
267 360
268 257
270 259
275 175
292 287
293 187
296 194
297 718
298 183
301 547
346 440
360 341
363 238
365 240
367 241
370 242
372 245
373 246
374 352
380 351
381 250
383 357
384 253
386 255
387 256
392 584
404 254
409 261
410 262
437 285
447 294
451 406
455 551
493 335
495 337
500 183
501 184
502 464
504 463
510 478
511 479
519 243
520 349
521 350
522 353
524 354
527 352
528 355
532 503
533 504
534 506
539 362
540 363
556 261
557 262
568 228
570 387
571 531
577 400
578 719
583 935
589 953
592 551
636 119
644 438
650 444
651 888
652 811
654 888
657 446
658 599
672 462
673 466
674 467
675 464
678 618
681 469
682 472
683 476
685 474
686 486
687 487
688 481
689 482
692 593
693 491
696 493
697 494
698 495
702 926
703 501
708 635
709 637
710 638
714 510
715 648
731 322
733 650
739 675
744 524
747 704
759 711
762 540
763 805
773 552
775 728
829 439
844 591
851 595
859 604
862 611
868 610
876 614
877 617
879 470
882 619
885 483
887 621
889 623
897 829
898 830
899 488
901 490
902 628
905 492
906 631
907 632
912 634
916 640
921 642
924 860
943 967
969 694
971 682
972 681
974 917
986 932
1002 722
1017 959
1030 729
