5 10
66
20 23
22 17
25 19
68 847
135 702
174 404
214 248
216 257
234 779
243 68
244 287
251 173
255 547
308 579
309 157
311 240
312 241
314 242
317 245
318 246
319 160
320 351
328 259
456 334
471 354
472 355
477 253
478 255
510 375
522 587
585 438
593 439
620 104
625 476
630 348
640 630
656 510
670 888
689 706
699 704
714 722
717 552
720 728
766 811
788 48
811 887
818 466
819 467
835 467
836 466
838 487
840 625
841 626
848 490
849 491
852 935
858 640
890 893
908 694
915 681
919 787
920 917
934 926
942 957
947 699
967 814
