8 10
64
4 33
14 224
59 443
92 25
169 457
181 538
236 275
267 699
271 300
287 87
295 240
300 161
310 251
332 531
363 843
386 870
423 341
424 239
426 242
427 245
428 246
429 243
432 354
436 350
437 338
438 250
446 363
476 704
479 670
500 699
588 462
607 484
608 485
612 355
615 494
618 492
621 495
633 253
635 506
645 662
681 589
715 878
824 877
837 814
838 334
839 335
840 334
862 483
864 476
871 474
872 622
874 623
875 482
881 490
897 501
910 395
911 796
936 811
941 882
942 811
959 916
961 681
965 288
995 926
