7 10
133
20 17
23 19
40 28
51 713
56 23
77 443
101 130
110 713
125 81
146 127
154 612
156 772
172 80
186 269
198 181
202 127
231 103
235 145
238 157
241 160
247 164
249 248
252 251
253 751
288 287
300 406
305 926
306 965
316 227
319 341
322 240
324 241
327 242
328 245
329 246
330 243
338 250
339 253
345 257
360 275
364 275
382 402
383 403
386 194
387 404
393 551
395 374
429 331
436 338
438 239
441 479
446 346
447 243
448 349
449 350
450 354
451 353
453 355
455 352
456 357
461 504
465 359
468 506
471 361
475 362
528 551
577 336
582 460
583 464
584 466
585 467
586 463
587 468
588 469
589 472
591 476
592 486
593 487
595 474
596 481
597 482
598 484
599 485
600 491
603 493
604 494
605 492
607 495
610 501
615 635
617 505
619 637
620 638
625 456
630 510
652 681
666 711
667 540
764 591
766 595
767 601
770 606
771 599
775 611
777 610
784 618
785 620
786 470
788 619
791 623
792 624
795 488
797 490
798 779
799 628
800 629
802 632
803 633
805 335
806 631
808 480
810 634
812 640
837 441
862 589
868 699
874 931
875 934
886 437
887 953
889 558
915 960
919 812
