2 7
181
1 0
2 1
3 6
19 12
38 19
39 34
44 20
47 23
67 62
85 130
90 56
105 100
122 117
123 118
124 172
128 87
135 195
150 148
151 45
159 154
176 169
178 173
179 170
180 171
182 174
185 190
187 125
189 179
190 178
199 200
236 234
237 231
245 241
246 247
251 185
253 264
267 243
272 817
286 301
287 404
318 235
322 316
326 238
327 237
328 240
329 327
330 324
333 322
338 329
339 328
341 335
342 336
345 334
348 338
354 185
355 246
357 249
359 253
360 254
361 354
379 288
386 365
388 273
392 268
410 391
418 209
419 300
424 710
428 404
434 681
465 217
477 613
481 578
489 438
490 442
493 319
495 446
496 444
499 439
503 324
505 447
507 448
508 449
512 457
514 454
515 455
516 451
517 452
518 464
519 453
520 450
521 614
522 456
523 471
524 472
525 475
526 476
544 345
555 289
559 355
560 357
562 355
564 109
602 917
648 625
649 881
650 774
652 579
659 586
662 429
663 584
664 585
665 435
667 594
668 595
670 590
671 589
674 596
675 597
678 591
681 441
686 603
687 604
689 608
690 451
691 452
692 600
693 601
694 436
697 845
698 610
700 619
701 620
702 614
703 615
706 644
707 469
708 468
711 461
712 854
721 575
723 630
751 888
755 682
761 301
764 695
765 529
819 341
849 777
852 767
853 775
854 775
862 782
863 771
871 599
872 787
873 788
875 786
876 588
878 795
882 592
883 593
886 607
888 799
897 810
898 811
899 809
907 814
908 812
909 813
916 808
918 570
957 529
963 626
964 666
981 686
987 676
990 129
1003 527
1010 109
1016 922
