3 7
74
94 132
170 129
187 909
218 173
254 881
285 768
297 109
314 354
321 281
339 404
359 482
365 916
396 327
401 322
409 338
410 245
432 271
433 270
440 287
450 109
451 344
453 344
493 916
505 424
541 438
542 644
544 442
546 446
547 237
548 238
550 444
554 240
558 322
560 329
562 464
565 471
567 453
570 456
571 450
595 357
607 301
621 922
638 537
639 710
688 579
714 596
715 597
719 591
726 439
730 441
736 610
737 469
738 468
745 461
751 628
752 629
806 891
809 676
824 526
825 527
914 21
930 530
955 782
958 585
970 771
975 607
976 778
978 755
986 452
989 246
1012 626
1031 635
1076 386
1082 305
