0 8
78
13 375
51 7
98 163
127 214
186 213
187 214
188 135
210 179
219 58
223 6
262 309
263 304
266 451
267 311
296 340
307 263
346 573
360 423
364 294
365 295
374 434
383 625
384 633
407 952
414 672
417 225
418 226
437 249
502 584
514 604
524 432
528 612
534 635
535 636
539 445
540 446
550 465
563 637
571 332
576 474
598 592
616 746
634 136
666 637
668 941
669 887
670 888
683 864
684 870
685 871
694 885
697 615
698 621
703 897
747 476
752 478
753 690
764 343
766 992
768 698
779 1018
787 619
794 922
795 923
874 853
875 854
880 860
882 861
885 862
889 874
899 886
901 881
917 903
947 190
948 834
960 954
972 961
1027 998
