9 10
273
2 2
12 9
19 18
25 17
29 25
31 19
34 29
38 31
61 33
65 764
66 49
69 59
76 69
79 68
81 70
86 48
92 108
94 81
99 92
100 67
107 710
114 103
117 106
119 144
130 80
135 111
141 119
151 127
152 132
153 288
154 96
155 192
157 134
171 145
183 157
190 160
191 161
193 164
194 167
197 166
212 177
214 179
222 195
223 191
225 374
229 198
232 593
235 212
236 210
237 211
240 139
247 203
251 213
252 214
255 311
270 223
272 227
277 234
282 341
284 238
286 240
287 239
288 241
289 236
290 242
292 245
293 246
294 243
295 248
301 251
302 250
305 256
307 358
308 252
310 168
312 254
315 260
319 258
323 261
324 262
344 400
347 287
350 187
351 291
352 537
353 292
354 399
355 406
358 194
363 302
365 209
366 306
374 420
375 421
380 310
384 311
391 439
393 323
396 331
399 339
400 335
402 338
403 336
405 337
407 462
412 454
415 344
416 351
417 346
418 349
419 350
420 353
422 354
423 355
425 352
427 357
429 359
432 362
433 363
452 371
453 372
458 375
464 94
466 551
467 298
468 408
469 294
470 409
475 412
478 416
489 421
490 411
496 444
503 446
504 144
514 462
515 466
516 467
517 480
518 463
519 469
520 454
521 478
522 479
523 472
524 476
526 474
527 486
528 487
530 481
531 482
532 484
533 485
535 458
536 488
538 493
539 494
540 492
541 495
542 496
544 501
547 504
550 510
552 637
553 638
554 506
568 593
572 650
573 513
574 673
575 388
576 921
580 398
583 717
584 718
585 540
586 541
589 551
592 553
595 731
602 739
603 563
613 752
615 560
626 586
628 591
633 805
636 599
640 601
642 606
644 604
645 605
647 607
649 609
653 610
661 811
666 811
668 614
671 617
672 618
673 470
676 619
677 483
678 621
679 622
681 821
683 625
684 626
685 623
686 624
691 490
693 491
695 628
696 629
697 941
701 842
702 630
706 634
708 640
712 635
741 681
744 905
748 967
749 877
751 905
752 699
756 686
766 694
769 697
774 950
775 932
782 722
786 552
787 728
814 734
826 786
828 791
830 794
832 797
838 681
846 810
848 603
855 811
856 811
875 829
876 816
880 632
890 853
891 854
894 642
896 183
897 184
898 843
899 860
909 360
920 888
922 857
931 865
937 866
940 905
960 896
968 902
971 681
977 907
978 713
998 927
1001 930
1002 711
1016 946
1033 957
1036 730
1037 959
1040 968
