2 10
124
3 787
44 17
47 19
49 29
53 31
124 80
159 612
182 112
183 111
201 192
211 198
237 103
245 160
247 262
252 177
274 399
318 145
322 227
326 157
329 242
330 241
333 240
338 246
339 245
348 250
349 256
357 248
379 287
415 935
419 406
479 458
482 334
485 75
489 239
492 234
493 341
495 346
496 344
498 484
503 241
505 243
507 349
508 350
515 352
516 353
519 355
520 354
522 357
525 362
526 363
528 513
532 371
535 358
536 351
544 257
551 681
648 456
655 339
659 463
661 462
663 466
664 467
668 474
671 472
674 481
675 482
678 476
680 478
681 479
684 625
685 626
686 493
687 494
689 496
690 353
692 491
696 499
698 501
700 637
701 638
703 635
705 498
708 506
709 504
710 503
711 504
712 650
723 510
748 388
766 551
781 416
831 456
842 374
849 610
852 601
853 611
862 461
863 599
867 821
870 617
873 619
875 470
876 469
877 618
878 488
881 621
882 486
883 487
884 625
885 626
886 495
887 492
888 628
897 634
908 640
916 480
924 779
962 932
964 711
976 855
979 720
1001 404
1016 300
1017 729
