0 7
274
0 0
2 3
6 1
8 7
9 19
11 6
13 12
15 15
26 502
29 20
30 21
34 23
36 25
44 56
47 34
53 40
64 48
66 82
67 55
68 56
72 62
81 70
84 294
91 117
92 118
93 119
96 86
97 87
98 126
100 66
102 640
103 98
104 100
105 101
111 105
116 165
117 166
120 81
122 169
126 170
127 171
128 120
129 121
132 172
135 199
136 125
142 179
165 108
172 419
179 230
181 231
182 235
183 169
186 170
187 171
190 175
191 174
195 183
196 184
199 191
200 192
208 202
210 204
217 207
221 155
244 234
251 238
253 243
254 320
259 241
261 245
262 249
263 247
265 180
266 253
267 254
268 345
279 272
282 270
283 271
291 145
292 288
295 881
296 386
303 209
304 212
307 301
334 226
342 572
348 316
359 445
360 319
364 240
365 322
367 324
370 327
372 328
373 329
374 455
376 334
378 335
379 336
381 338
383 456
384 339
386 339
388 888
389 463
396 704
406 492
412 359
414 362
416 358
417 266
418 267
424 357
426 365
433 371
451 300
453 303
454 304
455 393
479 404
480 405
490 851
494 578
498 436
502 435
504 586
506 438
509 439
510 440
511 441
512 442
514 444
517 446
519 447
520 448
521 449
522 451
523 452
524 450
526 454
527 455
528 453
530 464
531 459
532 460
533 461
534 468
535 469
536 471
537 472
539 475
540 476
547 395
549 644
564 371
578 513
579 512
588 688
591 696
592 528
593 529
598 556
609 247
616 537
618 544
629 540
658 771
666 579
670 430
671 583
673 584
674 585
675 583
678 784
681 588
682 589
683 591
684 594
685 595
686 592
687 593
688 596
689 597
692 909
693 600
694 601
696 603
697 604
698 607
701 608
703 610
704 612
706 809
707 614
708 615
709 619
710 620
711 623
712 624
714 630
721 636
724 636
733 854
738 650
744 374
749 375
752 505
755 661
759 666
762 667
768 672
769 514
773 894
776 690
778 697
779 903
787 562
794 762
795 763
804 537
829 686
844 764
851 766
857 767
858 770
861 775
862 775
864 773
865 774
866 775
867 776
868 777
874 781
875 782
879 786
880 787
882 788
885 790
889 791
891 792
897 800
898 799
899 795
900 796
901 797
902 799
903 800
905 605
906 806
907 802
908 803
912 810
913 811
915 814
916 812
917 813
921 818
933 845
970 860
972 652
974 658
978 869
980 664
981 665
983 876
1000 530
1002 883
1006 676
1007 680
1021 695
1023 915
