5 7
116
0 2
1 4
4 7
7 19
8 15
20 56
22 20
23 21
24 34
25 23
27 24
36 40
41 46
54 65
59 50
87 150
88 151
89 105
90 73
92 107
105 163
106 82
111 81
125 276
149 235
155 171
161 173
167 437
200 233
214 249
215 245
216 345
217 253
226 262
243 677
244 288
249 881
252 296
257 207
309 238
311 322
312 324
314 327
317 328
318 329
319 241
326 338
335 351
340 261
352 357
357 198
360 141
366 662
367 379
383 398
449 429
459 578
461 320
463 440
471 450
472 453
473 456
480 475
490 635
525 379
527 512
528 672
529 677
530 175
542 528
543 529
585 636
625 591
627 590
633 451
641 610
643 631
644 464
645 614
651 469
656 630
660 635
664 871
665 638
669 483
672 638
686 650
697 666
705 665
706 869
714 883
723 696
724 697
726 697
732 919
776 716
780 710
812 768
818 584
819 585
834 790
838 593
845 792
848 797
849 600
850 601
853 603
858 812
859 813
860 814
862 619
882 909
909 634
915 652
960 914
961 915
