1 7
328
0 0
3 1
4 4
5 6
6 4
12 7
13 9
14 11
20 12
21 19
22 426
24 15
25 27
38 22
39 34
40 20
41 38
42 37
45 23
46 25
47 24
55 56
57 35
60 40
66 44
69 48
74 83
75 82
77 57
78 53
80 55
81 56
82 60
91 62
97 72
100 73
101 102
102 100
105 80
106 81
111 117
112 120
113 121
114 118
115 119
116 84
119 86
120 87
121 131
123 129
125 813
128 98
133 148
134 102
135 105
137 77
138 76
140 167
142 115
143 169
146 170
147 171
148 172
150 174
151 175
152 125
153 179
154 178
155 487
159 187
160 188
161 191
162 192
164 195
173 530
176 302
184 156
185 161
187 159
193 115
196 233
198 234
199 235
200 243
201 244
208 245
211 180
213 183
215 184
216 190
217 265
218 193
224 374
226 200
229 204
234 298
236 207
237 209
253 223
254 222
255 226
258 230
260 164
263 318
264 237
265 238
266 341
268 320
269 321
272 240
273 322
274 327
277 328
278 329
279 241
280 334
284 338
285 246
288 247
290 249
291 254
294 263
296 345
306 354
307 272
313 365
314 273
315 277
316 277
318 288
319 289
320 198
321 285
330 300
331 301
334 304
343 402
349 404
359 217
360 218
375 311
381 851
387 445
388 316
391 319
393 438
394 442
395 436
396 324
397 446
399 447
400 454
401 455
402 450
403 335
404 336
405 453
406 456
408 339
410 471
411 472
415 475
416 476
423 487
425 347
432 362
436 496
444 355
445 504
450 371
460 145
465 281
481 532
482 922
490 713
502 541
507 420
510 424
511 851
512 432
517 578
518 579
521 429
523 437
524 583
526 586
527 435
528 584
529 585
532 589
533 439
535 444
536 591
537 440
538 441
539 596
540 597
541 598
542 599
544 448
545 449
546 451
547 452
548 450
551 610
554 614
555 615
557 461
559 460
560 616
561 618
562 468
563 469
568 640
573 630
578 645
579 646
599 667
604 512
606 673
609 686
611 688
612 905
614 529
615 528
620 536
630 537
646 413
649 552
660 764
664 767
665 770
667 776
668 777
669 771
673 781
674 782
678 784
679 805
680 588
681 786
683 787
686 613
689 430
690 592
691 593
692 790
694 792
697 795
698 796
699 625
702 797
704 600
705 601
706 603
707 604
708 607
714 809
715 619
716 620
717 812
718 813
726 881
735 645
736 646
739 854
742 636
746 650
747 372
751 651
752 652
758 659
761 666
764 664
766 672
768 879
770 514
771 680
772 888
773 682
776 684
777 685
778 520
781 894
786 689
791 696
793 695
797 394
800 703
810 772
813 720
829 736
830 739
834 851
837 759
841 432
848 766
849 775
872 791
873 793
876 799
882 802
883 803
884 810
885 811
891 815
894 818
899 817
902 817
908 817
919 844
926 657
931 851
937 259
945 434
963 652
968 872
976 874
980 876
984 878
989 883
996 887
997 675
1017 680
1018 690
1019 691
1026 909
1030 701
