0 1
376
0 0
1 2
2 1
6 3
7 11
8 12
9 21
13 20
15 24
17 27
27 35
29 40
33 44
34 45
35 47
36 46
38 31
40 18
41 36
47 39
53 60
64 69
66 75
67 80
68 81
72 91
75 94
77 64
82 97
83 68
85 72
91 111
92 114
93 115
96 119
97 120
102 171
103 128
104 102
107 104
111 135
117 195
119 141
120 106
122 143
125 110
126 146
127 147
128 112
129 113
132 148
136 152
141 154
142 153
145 123
150 356
153 129
155 98
157 172
162 174
164 136
171 184
178 186
179 258
182 199
183 143
186 146
187 147
190 151
191 150
195 213
196 215
202 163
207 167
208 168
210 229
212 98
216 235
217 236
218 174
220 335
233 246
236 187
239 183
241 192
244 198
251 265
252 201
254 268
259 279
261 208
262 290
263 288
265 211
267 291
268 296
270 298
272 299
275 217
278 220
279 307
287 321
288 322
289 754
290 322
291 460
292 318
293 323
294 600
300 234
303 237
305 241
307 331
309 335
316 353
325 375
326 364
327 365
332 252
334 255
336 374
338 377
340 367
348 388
352 267
354 512
355 263
357 682
360 391
362 123
364 272
365 273
367 396
369 270
370 274
372 277
373 278
374 401
376 280
378 403
379 404
380 412
381 284
383 406
384 408
387 289
399 430
403 304
404 426
407 35
409 429
414 432
415 309
421 449
422 173
430 448
433 450
437 321
440 600
443 470
445 472
446 327
447 609
450 238
451 330
452 329
453 333
454 334
457 336
458 482
481 349
482 372
484 347
485 348
486 502
487 507
489 652
493 516
494 517
498 395
501 987
502 527
504 526
506 393
509 533
510 537
511 538
512 394
513 534
514 535
516 541
517 397
519 399
520 544
521 545
522 546
523 547
524 548
525 549
526 400
527 401
528 405
532 559
534 562
535 563
536 410
537 411
539 415
540 416
542 425
544 576
549 426
556 429
564 450
570 592
574 464
577 293
579 604
582 1008
583 472
587 782
588 611
591 791
592 615
593 614
595 482
607 498
616 630
617 504
630 345
641 650
650 659
657 666
658 669
659 514
660 515
661 670
666 518
670 689
671 524
672 525
673 528
674 529
675 524
676 676
678 678
679 530
680 531
681 680
682 532
683 536
685 688
686 690
687 691
688 539
689 540
693 704
694 705
696 706
697 707
698 708
701 550
703 551
706 714
707 554
708 555
709 715
710 716
714 573
719 724
721 742
723 833
724 742
733 739
738 746
743 586
744 224
747 588
755 672
757 461
758 462
759 761
762 599
764 764
766 765
768 766
769 770
770 471
773 781
774 717
775 783
776 1018
777 1019
779 794
792 621
798 636
804 630
811 632
831 823
833 829
838 830
844 660
848 850
851 848
853 850
857 664
858 665
859 843
860 845
861 847
864 843
865 844
866 849
867 667
868 668
874 673
875 674
876 854
877 862
879 681
885 692
887 693
889 872
890 712
891 694
894 542
895 967
896 672
897 877
898 876
899 697
900 698
901 702
902 876
903 877
904 893
905 709
907 882
908 883
910 833
911 888
912 884
913 885
916 717
917 718
919 833
921 894
924 896
925 900
926 901
940 722
944 833
945 740
950 934
953 938
956 741
968 949
969 748
972 963
977 971
979 978
983 980
984 985
986 975
987 977
993 974
1001 1007
1002 989
1005 997
1007 771
1009 774
1019 792
1021 793
1022 1032
1026 1036
1028 1031
