1 3
126
0 3
5 5
31 62
47 89
52 27
93 709
98 531
122 169
123 170
148 162
198 924
207 311
208 410
244 1082
261 380
265 548
274 396
277 561
278 560
284 409
285 989
305 427
306 314
309 231
312 596
314 433
315 433
316 433
321 605
322 442
331 607
356 1016
392 553
393 541
394 544
396 556
399 555
402 571
405 567
406 570
408 574
430 426
434 588
443 596
447 596
448 596
450 596
456 605
457 439
461 308
466 134
513 681
516 693
518 688
525 703
526 702
530 707
531 706
533 726
534 549
535 550
536 719
537 729
538 730
539 714
540 715
541 713
543 716
544 725
545 724
546 985
547 986
548 571
549 572
550 732
551 736
558 744
562 738
563 737
584 248
589 1066
593 800
596 402
613 188
617 831
647 687
659 949
663 681
669 970
672 489
674 955
681 977
688 711
689 688
704 991
706 980
707 981
708 975
709 977
713 735
715 987
716 988
722 938
723 939
740 775
754 1077
758 794
767 901
770 606
772 802
783 697
792 814
846 944
849 944
854 952
886 990
897 997
900 1066
901 1077
913 938
926 944
935 1023
936 1023
947 1079
974 592
1005 607
