2 8
66
2 1
3 6
150 111
159 272
178 296
179 213
180 214
189 218
203 811
219 269
236 291
255 315
285 270
321 1042
328 294
333 295
338 428
348 438
357 309
359 451
360 311
397 249
416 356
472 408
493 423
496 604
519 612
520 432
522 625
525 445
526 446
539 961
542 675
551 961
557 347
640 384
652 637
661 588
667 870
668 871
678 864
687 615
693 885
696 901
698 897
707 636
708 635
738 173
773 778
798 778
838 806
855 353
862 854
872 860
873 861
876 861
886 621
916 915
923 1018
935 654
950 455
979 697
987 704
998 271
1010 272
1017 998
